m_vlist.size 456
vertex
  pos 4.163619 -0.556144 -8.206837
  texCoord 0.938881 0.079405
  norm 0.338792 -0.871798 0.353821
  color 1.000000 1.000000 1.000000 1.000000
vertex
  pos 4.644786 -0.475626 -8.222874
  texCoord 0.938295 0.094066
  norm 0.167511 -0.980426 0.103463
  color 1.000000 1.000000 1.000000 1.000000
vertex
  pos 4.696805 -0.000222 -7.520142
  texCoord 0.909141 0.091930
  norm 0.011085 -0.864524 0.502469
  color 1.000000 1.000000 1.000000 1.000000
vertex
  pos 4.696805 -0.000222 -7.520142
  texCoord 0.909141 0.091930
  norm 0.011085 -0.864524 0.502469
  color 1.000000 1.000000 1.000000 1.000000
vertex
  pos 4.171185 -0.009605 -7.575851
  texCoord 0.908099 0.081385
  norm -0.064640 -0.806982 0.587028
  color 1.000000 1.000000 1.000000 1.000000
vertex
  pos 4.163619 -0.556144 -8.206837
  texCoord 0.938881 0.079405
  norm 0.338792 -0.871798 0.353821
  color 1.000000 1.000000 1.000000 1.000000
vertex
  pos 4.140471 -0.191453 -9.145901
  texCoord 0.951479 0.083404
  norm 0.877520 -0.406776 -0.253952
  color 1.000000 1.000000 1.000000 1.000000
vertex
  pos 4.365557 0.603708 -9.221195
  texCoord 0.973754 0.089534
  norm 0.911282 -0.165910 -0.376882
  color 1.000000 1.000000 1.000000 1.000000
vertex
  pos 5.422537 -0.345479 -8.248795
  texCoord 0.937349 0.117763
  norm 0.199401 -0.964330 0.174090
  color 1.000000 1.000000 1.000000 1.000000
vertex
  pos 5.422537 -0.345479 -8.248795
  texCoord 0.937349 0.117763
  norm 0.199401 -0.964330 0.174090
  color 1.000000 1.000000 1.000000 1.000000
vertex
  pos 4.644786 -0.475626 -8.222874
  texCoord 0.938295 0.094066
  norm 0.167511 -0.980426 0.103463
  color 1.000000 1.000000 1.000000 1.000000
vertex
  pos 4.140471 -0.191453 -9.145901
  texCoord 0.951479 0.083404
  norm 0.877520 -0.406776 -0.253952
  color 1.000000 1.000000 1.000000 1.000000
vertex
  pos 1.101472 0.015045 -6.741554
  texCoord 0.656282 0.388730
  norm 0.466407 -0.799897 0.377663
  color 1.000000 1.000000 1.000000 1.000000
vertex
  pos 1.513834 0.791014 -6.033360
  texCoord 0.611989 0.318849
  norm 0.913584 -0.367347 0.174417
  color 1.000000 1.000000 1.000000 1.000000
vertex
  pos 1.483001 0.518131 -4.363010
  texCoord 0.627444 0.275712
  norm 0.998660 -0.044469 -0.026459
  color 1.000000 1.000000 1.000000 1.000000
vertex
  pos 1.483001 0.518131 -4.363010
  texCoord 0.627444 0.275712
  norm 0.998660 -0.044469 -0.026459
  color 1.000000 1.000000 1.000000 1.000000
vertex
  pos 1.271937 -0.411836 -4.441277
  texCoord 0.665588 0.269611
  norm 0.828316 -0.536638 -0.160972
  color 1.000000 1.000000 1.000000 1.000000
vertex
  pos 1.101472 0.015045 -6.741554
  texCoord 0.656282 0.388730
  norm 0.466407 -0.799897 0.377663
  color 1.000000 1.000000 1.000000 1.000000
vertex
  pos 2.621188 3.327775 -8.861721
  texCoord 0.142150 0.514031
  norm -0.109272 0.976154 0.187572
  color 1.000000 1.000000 1.000000 1.000000
vertex
  pos 1.471755 3.053779 -8.566803
  texCoord 0.079731 0.506553
  norm -0.179707 0.978014 0.105807
  color 1.000000 1.000000 1.000000 1.000000
vertex
  pos 1.554009 2.460431 -6.290279
  texCoord 0.070526 0.403837
  norm 0.213710 0.790502 0.573964
  color 1.000000 1.000000 1.000000 1.000000
vertex
  pos 1.554009 2.460431 -6.290279
  texCoord 0.070526 0.403837
  norm 0.213710 0.790502 0.573964
  color 1.000000 1.000000 1.000000 1.000000
vertex
  pos 4.205165 2.531355 -7.238285
  texCoord 0.227671 0.452775
  norm 0.145231 0.729129 0.668789
  color 1.000000 1.000000 1.000000 1.000000
vertex
  pos 2.621188 3.327775 -8.861721
  texCoord 0.142150 0.514031
  norm -0.109272 0.976154 0.187572
  color 1.000000 1.000000 1.000000 1.000000
vertex
  pos 1.831314 -2.057232 -8.797321
  texCoord 0.596973 0.513528
  norm 0.138460 -0.576087 0.805576
  color 1.000000 1.000000 1.000000 1.000000
vertex
  pos 1.941312 -0.666916 -7.946815
  texCoord 0.594364 0.464685
  norm 0.179794 -0.676365 0.714286
  color 1.000000 1.000000 1.000000 1.000000
vertex
  pos 0.078951 -1.486050 -8.186260
  texCoord 0.737262 0.477926
  norm 0.000000 -0.697761 0.716331
  color 1.000000 1.000000 1.000000 1.000000
vertex
  pos 0.078951 -1.486050 -8.186260
  texCoord 0.737262 0.477926
  norm 0.000000 -0.697761 0.716331
  color 1.000000 1.000000 1.000000 1.000000
vertex
  pos 0.752494 -2.357514 -9.092110
  texCoord 0.694723 0.538099
  norm -0.106219 -0.683421 0.722256
  color 1.000000 1.000000 1.000000 1.000000
vertex
  pos 1.831314 -2.057232 -8.797321
  texCoord 0.596973 0.513528
  norm 0.138460 -0.576087 0.805576
  color 1.000000 1.000000 1.000000 1.000000
vertex
  pos 0.078951 -2.798114 -9.639126
  texCoord 0.736515 0.560012
  norm -0.000000 -0.990790 0.135404
  color 1.000000 1.000000 1.000000 1.000000
vertex
  pos 0.078951 -2.769595 -9.770855
  texCoord 0.710897 0.594201
  norm 0.000000 -0.977356 -0.211600
  color 1.000000 1.000000 1.000000 1.000000
vertex
  pos 1.033793 -2.531035 -9.127785
  texCoord 0.670630 0.560596
  norm -0.209976 -0.649116 0.731135
  color 1.000000 1.000000 1.000000 1.000000
vertex
  pos 1.033793 -2.531035 -9.127785
  texCoord 0.670630 0.560596
  norm -0.209976 -0.649116 0.731135
  color 1.000000 1.000000 1.000000 1.000000
vertex
  pos 0.752494 -2.357514 -9.092110
  texCoord 0.694723 0.538099
  norm -0.106219 -0.683421 0.722256
  color 1.000000 1.000000 1.000000 1.000000
vertex
  pos 0.078951 -2.798114 -9.639126
  texCoord 0.736515 0.560012
  norm -0.000000 -0.990790 0.135404
  color 1.000000 1.000000 1.000000 1.000000
vertex
  pos 5.219098 1.816519 -6.591072
  texCoord 0.842127 0.106659
  norm 0.150065 0.412881 0.898337
  color 1.000000 1.000000 1.000000 1.000000
vertex
  pos 5.142512 0.354277 -6.727585
  texCoord 0.885929 0.100923
  norm 0.088335 -0.577922 0.811297
  color 1.000000 1.000000 1.000000 1.000000
vertex
  pos 6.167299 0.277757 -7.031639
  texCoord 0.892039 0.135633
  norm 0.206842 -0.621835 0.755339
  color 1.000000 1.000000 1.000000 1.000000
vertex
  pos 6.167299 0.277757 -7.031639
  texCoord 0.892039 0.135633
  norm 0.206842 -0.621835 0.755339
  color 1.000000 1.000000 1.000000 1.000000
vertex
  pos 6.231629 1.810440 -6.857952
  texCoord 0.839267 0.137052
  norm 0.225272 0.432364 0.873106
  color 1.000000 1.000000 1.000000 1.000000
vertex
  pos 5.219098 1.816519 -6.591072
  texCoord 0.842127 0.106659
  norm 0.150065 0.412881 0.898337
  color 1.000000 1.000000 1.000000 1.000000
vertex
  pos 6.167299 0.277757 -7.031639
  texCoord 0.892039 0.135633
  norm 0.206842 -0.621835 0.755339
  color 1.000000 1.000000 1.000000 1.000000
vertex
  pos 5.142512 0.354277 -6.727585
  texCoord 0.885929 0.100923
  norm 0.088335 -0.577922 0.811297
  color 1.000000 1.000000 1.000000 1.000000
vertex
  pos 4.696805 -0.000222 -7.520142
  texCoord 0.909141 0.091930
  norm 0.011085 -0.864524 0.502469
  color 1.000000 1.000000 1.000000 1.000000
vertex
  pos 4.696805 -0.000222 -7.520142
  texCoord 0.909141 0.091930
  norm 0.011085 -0.864524 0.502469
  color 1.000000 1.000000 1.000000 1.000000
vertex
  pos 5.422537 -0.345479 -8.248795
  texCoord 0.937349 0.117763
  norm 0.199401 -0.964330 0.174090
  color 1.000000 1.000000 1.000000 1.000000
vertex
  pos 6.167299 0.277757 -7.031639
  texCoord 0.892039 0.135633
  norm 0.206842 -0.621835 0.755339
  color 1.000000 1.000000 1.000000 1.000000
vertex
  pos 5.142512 0.354277 -6.727585
  texCoord 0.885929 0.100923
  norm 0.088335 -0.577922 0.811297
  color 1.000000 1.000000 1.000000 1.000000
vertex
  pos 5.219098 1.816519 -6.591072
  texCoord 0.842127 0.106659
  norm 0.150065 0.412881 0.898337
  color 1.000000 1.000000 1.000000 1.000000
vertex
  pos 4.185376 1.744539 -6.486156
  texCoord 0.842203 0.084121
  norm -0.032708 0.296928 0.954340
  color 1.000000 1.000000 1.000000 1.000000
vertex
  pos 4.185376 1.744539 -6.486156
  texCoord 0.842203 0.084121
  norm -0.032708 0.296928 0.954340
  color 1.000000 1.000000 1.000000 1.000000
vertex
  pos 4.181072 0.457831 -6.733887
  texCoord 0.884774 0.084769
  norm -0.136322 -0.570979 0.809568
  color 1.000000 1.000000 1.000000 1.000000
vertex
  pos 5.142512 0.354277 -6.727585
  texCoord 0.885929 0.100923
  norm 0.088335 -0.577922 0.811297
  color 1.000000 1.000000 1.000000 1.000000
vertex
  pos 5.202610 2.373814 -7.384464
  texCoord 0.814005 0.102298
  norm 0.141180 0.788551 0.598544
  color 1.000000 1.000000 1.000000 1.000000
vertex
  pos 5.219098 1.816519 -6.591072
  texCoord 0.842127 0.106659
  norm 0.150065 0.412881 0.898337
  color 1.000000 1.000000 1.000000 1.000000
vertex
  pos 6.231629 1.810440 -6.857952
  texCoord 0.839267 0.137052
  norm 0.225272 0.432364 0.873106
  color 1.000000 1.000000 1.000000 1.000000
vertex
  pos 6.231629 1.810440 -6.857952
  texCoord 0.839267 0.137052
  norm 0.225272 0.432364 0.873106
  color 1.000000 1.000000 1.000000 1.000000
vertex
  pos 6.277878 2.254503 -7.587189
  texCoord 0.815851 0.132332
  norm 0.224495 0.825914 0.517173
  color 1.000000 1.000000 1.000000 1.000000
vertex
  pos 5.202610 2.373814 -7.384464
  texCoord 0.814005 0.102298
  norm 0.141180 0.788551 0.598544
  color 1.000000 1.000000 1.000000 1.000000
vertex
  pos 6.231629 1.810440 -6.857952
  texCoord 0.839267 0.137052
  norm 0.225272 0.432364 0.873106
  color 1.000000 1.000000 1.000000 1.000000
vertex
  pos 6.167299 0.277757 -7.031639
  texCoord 0.892039 0.135633
  norm 0.206842 -0.621835 0.755339
  color 1.000000 1.000000 1.000000 1.000000
vertex
  pos 7.251065 0.423491 -7.245159
  texCoord 0.892893 0.155806
  norm 0.207804 -0.397953 0.893561
  color 1.000000 1.000000 1.000000 1.000000
vertex
  pos 7.251065 0.423491 -7.245159
  texCoord 0.892893 0.155806
  norm 0.207804 -0.397953 0.893561
  color 1.000000 1.000000 1.000000 1.000000
vertex
  pos 7.452341 1.763994 -7.053837
  texCoord 0.838194 0.156290
  norm 0.160482 0.385289 0.908734
  color 1.000000 1.000000 1.000000 1.000000
vertex
  pos 6.231629 1.810440 -6.857952
  texCoord 0.839267 0.137052
  norm 0.225272 0.432364 0.873106
  color 1.000000 1.000000 1.000000 1.000000
vertex
  pos 4.696805 -0.000222 -7.520142
  texCoord 0.909141 0.091930
  norm 0.011085 -0.864524 0.502469
  color 1.000000 1.000000 1.000000 1.000000
vertex
  pos 5.142512 0.354277 -6.727585
  texCoord 0.885929 0.100923
  norm 0.088335 -0.577922 0.811297
  color 1.000000 1.000000 1.000000 1.000000
vertex
  pos 4.181072 0.457831 -6.733887
  texCoord 0.884774 0.084769
  norm -0.136322 -0.570979 0.809568
  color 1.000000 1.000000 1.000000 1.000000
vertex
  pos 4.181072 0.457831 -6.733887
  texCoord 0.884774 0.084769
  norm -0.136322 -0.570979 0.809568
  color 1.000000 1.000000 1.000000 1.000000
vertex
  pos 4.171185 -0.009605 -7.575851
  texCoord 0.908099 0.081385
  norm -0.064640 -0.806982 0.587028
  color 1.000000 1.000000 1.000000 1.000000
vertex
  pos 4.696805 -0.000222 -7.520142
  texCoord 0.909141 0.091930
  norm 0.011085 -0.864524 0.502469
  color 1.000000 1.000000 1.000000 1.000000
vertex
  pos 4.185376 1.744539 -6.486156
  texCoord 0.842203 0.084121
  norm -0.032708 0.296928 0.954340
  color 1.000000 1.000000 1.000000 1.000000
vertex
  pos 3.323879 1.699508 -6.599174
  texCoord 0.842251 0.070020
  norm 0.102253 0.088590 0.990806
  color 1.000000 1.000000 1.000000 1.000000
vertex
  pos 3.433217 0.524705 -6.894341
  texCoord 0.884028 0.074337
  norm 0.005773 -0.546999 0.837113
  color 1.000000 1.000000 1.000000 1.000000
vertex
  pos 3.433217 0.524705 -6.894341
  texCoord 0.884028 0.074337
  norm 0.005773 -0.546999 0.837113
  color 1.000000 1.000000 1.000000 1.000000
vertex
  pos 4.181072 0.457831 -6.733887
  texCoord 0.884774 0.084769
  norm -0.136322 -0.570979 0.809568
  color 1.000000 1.000000 1.000000 1.000000
vertex
  pos 4.185376 1.744539 -6.486156
  texCoord 0.842203 0.084121
  norm -0.032708 0.296928 0.954340
  color 1.000000 1.000000 1.000000 1.000000
vertex
  pos 5.202610 2.373814 -7.384464
  texCoord 0.814005 0.102298
  norm 0.141180 0.788551 0.598544
  color 1.000000 1.000000 1.000000 1.000000
vertex
  pos 4.205165 2.531355 -7.238285
  texCoord 0.817176 0.073642
  norm 0.145231 0.729129 0.668789
  color 1.000000 1.000000 1.000000 1.000000
vertex
  pos 4.185376 1.744539 -6.486156
  texCoord 0.842203 0.084121
  norm -0.032708 0.296928 0.954340
  color 1.000000 1.000000 1.000000 1.000000
vertex
  pos 4.185376 1.744539 -6.486156
  texCoord 0.842203 0.084121
  norm -0.032708 0.296928 0.954340
  color 1.000000 1.000000 1.000000 1.000000
vertex
  pos 5.219098 1.816519 -6.591072
  texCoord 0.842127 0.106659
  norm 0.150065 0.412881 0.898337
  color 1.000000 1.000000 1.000000 1.000000
vertex
  pos 5.202610 2.373814 -7.384464
  texCoord 0.814005 0.102298
  norm 0.141180 0.788551 0.598544
  color 1.000000 1.000000 1.000000 1.000000
vertex
  pos 6.937779 2.282016 -7.948250
  texCoord 0.794924 0.153570
  norm 0.158288 0.864779 0.476553
  color 1.000000 1.000000 1.000000 1.000000
vertex
  pos 6.277878 2.254503 -7.587189
  texCoord 0.815851 0.132332
  norm 0.224495 0.825914 0.517173
  color 1.000000 1.000000 1.000000 1.000000
vertex
  pos 6.231629 1.810440 -6.857952
  texCoord 0.839267 0.137052
  norm 0.225272 0.432364 0.873106
  color 1.000000 1.000000 1.000000 1.000000
vertex
  pos 6.231629 1.810440 -6.857952
  texCoord 0.839267 0.137052
  norm 0.225272 0.432364 0.873106
  color 1.000000 1.000000 1.000000 1.000000
vertex
  pos 7.452341 1.763994 -7.053837
  texCoord 0.838194 0.156290
  norm 0.160482 0.385289 0.908734
  color 1.000000 1.000000 1.000000 1.000000
vertex
  pos 6.937779 2.282016 -7.948250
  texCoord 0.794924 0.153570
  norm 0.158288 0.864779 0.476553
  color 1.000000 1.000000 1.000000 1.000000
vertex
  pos 3.433217 0.524705 -6.894341
  texCoord 0.884028 0.074337
  norm 0.005773 -0.546999 0.837113
  color 1.000000 1.000000 1.000000 1.000000
vertex
  pos 3.784738 -0.016504 -7.616814
  texCoord 0.907333 0.073633
  norm 0.050741 -0.748319 0.661396
  color 1.000000 1.000000 1.000000 1.000000
vertex
  pos 4.171185 -0.009605 -7.575851
  texCoord 0.908099 0.081385
  norm -0.064640 -0.806982 0.587028
  color 1.000000 1.000000 1.000000 1.000000
vertex
  pos 4.171185 -0.009605 -7.575851
  texCoord 0.908099 0.081385
  norm -0.064640 -0.806982 0.587028
  color 1.000000 1.000000 1.000000 1.000000
vertex
  pos 4.181072 0.457831 -6.733887
  texCoord 0.884774 0.084769
  norm -0.136322 -0.570979 0.809568
  color 1.000000 1.000000 1.000000 1.000000
vertex
  pos 3.433217 0.524705 -6.894341
  texCoord 0.884028 0.074337
  norm 0.005773 -0.546999 0.837113
  color 1.000000 1.000000 1.000000 1.000000
vertex
  pos 1.101472 0.015045 -6.741554
  texCoord 0.656282 0.388730
  norm 0.466407 -0.799897 0.377663
  color 1.000000 1.000000 1.000000 1.000000
vertex
  pos 0.078951 -0.317318 -6.828724
  texCoord 0.735242 0.402490
  norm 0.000000 -0.961810 0.273717
  color 1.000000 1.000000 1.000000 1.000000
vertex
  pos 0.078951 -1.486050 -8.186260
  texCoord 0.737262 0.477926
  norm 0.000000 -0.697761 0.716331
  color 1.000000 1.000000 1.000000 1.000000
vertex
  pos 0.078951 -1.486050 -8.186260
  texCoord 0.737262 0.477926
  norm 0.000000 -0.697761 0.716331
  color 1.000000 1.000000 1.000000 1.000000
vertex
  pos 1.941312 -0.666916 -7.946815
  texCoord 0.594364 0.464685
  norm 0.179794 -0.676365 0.714286
  color 1.000000 1.000000 1.000000 1.000000
vertex
  pos 1.101472 0.015045 -6.741554
  texCoord 0.656282 0.388730
  norm 0.466407 -0.799897 0.377663
  color 1.000000 1.000000 1.000000 1.000000
vertex
  pos 0.078951 -0.317318 -6.828724
  texCoord 0.735242 0.402490
  norm 0.000000 -0.961810 0.273717
  color 1.000000 1.000000 1.000000 1.000000
vertex
  pos 1.101472 0.015045 -6.741554
  texCoord 0.656282 0.388730
  norm 0.466407 -0.799897 0.377663
  color 1.000000 1.000000 1.000000 1.000000
vertex
  pos 0.699334 -0.625324 -4.787521
  texCoord 0.697712 0.288931
  norm 0.412833 -0.883759 -0.220316
  color 1.000000 1.000000 1.000000 1.000000
vertex
  pos 0.699334 -0.625324 -4.787521
  texCoord 0.697712 0.288931
  norm 0.412833 -0.883759 -0.220316
  color 1.000000 1.000000 1.000000 1.000000
vertex
  pos 0.078951 -0.845787 -5.010006
  texCoord 0.733690 0.298063
  norm -0.000000 -0.491942 -0.870628
  color 1.000000 1.000000 1.000000 1.000000
vertex
  pos 0.078951 -0.317318 -6.828724
  texCoord 0.735242 0.402490
  norm 0.000000 -0.961810 0.273717
  color 1.000000 1.000000 1.000000 1.000000
vertex
  pos 1.101472 0.015045 -6.741554
  texCoord 0.656282 0.388730
  norm 0.466407 -0.799897 0.377663
  color 1.000000 1.000000 1.000000 1.000000
vertex
  pos 2.214342 1.675724 -6.442104
  texCoord 0.574777 0.325064
  norm 0.374148 -0.122053 0.919302
  color 1.000000 1.000000 1.000000 1.000000
vertex
  pos 1.513834 0.791014 -6.033360
  texCoord 0.611989 0.318849
  norm 0.913584 -0.367347 0.174417
  color 1.000000 1.000000 1.000000 1.000000
vertex
  pos 4.205165 2.531355 -7.238285
  texCoord 0.817176 0.073642
  norm 0.145231 0.729129 0.668789
  color 1.000000 1.000000 1.000000 1.000000
vertex
  pos 3.323879 1.699508 -6.599174
  texCoord 0.842251 0.070020
  norm 0.102253 0.088590 0.990806
  color 1.000000 1.000000 1.000000 1.000000
vertex
  pos 4.185376 1.744539 -6.486156
  texCoord 0.842203 0.084121
  norm -0.032708 0.296928 0.954340
  color 1.000000 1.000000 1.000000 1.000000
vertex
  pos 2.621188 3.327775 -8.861721
  texCoord 0.142150 0.514031
  norm -0.109272 0.976154 0.187572
  color 1.000000 1.000000 1.000000 1.000000
vertex
  pos 2.018406 3.208740 -10.636837
  texCoord 0.111951 0.628723
  norm -0.288958 0.957330 -0.004643
  color 1.000000 1.000000 1.000000 1.000000
vertex
  pos 1.471755 3.053779 -8.566803
  texCoord 0.079731 0.506553
  norm -0.179707 0.978014 0.105807
  color 1.000000 1.000000 1.000000 1.000000
vertex
  pos 4.424820 1.658269 -9.271584
  texCoord 0.253883 0.553703
  norm 0.931185 0.181849 -0.315952
  color 1.000000 1.000000 1.000000 1.000000
vertex
  pos 4.179756 1.530665 -10.067287
  texCoord 0.254811 0.603093
  norm 0.891866 0.327232 -0.312240
  color 1.000000 1.000000 1.000000 1.000000
vertex
  pos 3.293259 2.489358 -10.328327
  texCoord 0.198427 0.612882
  norm 0.737168 0.593902 -0.322278
  color 1.000000 1.000000 1.000000 1.000000
vertex
  pos 4.236630 0.386794 -9.815723
  texCoord 0.320254 0.596061
  norm 0.986783 -0.113730 -0.115434
  color 1.000000 1.000000 1.000000 1.000000
vertex
  pos 4.365557 0.603708 -9.221195
  texCoord 0.297070 0.556786
  norm 0.911282 -0.165910 -0.376882
  color 1.000000 1.000000 1.000000 1.000000
vertex
  pos 4.140471 -0.191453 -9.145901
  texCoord 0.386084 0.553880
  norm 0.877520 -0.406776 -0.253952
  color 1.000000 1.000000 1.000000 1.000000
vertex
  pos 4.140471 -0.191453 -9.145901
  texCoord 0.386084 0.553880
  norm 0.877520 -0.406776 -0.253952
  color 1.000000 1.000000 1.000000 1.000000
vertex
  pos 4.127778 -0.761913 -9.669754
  texCoord 0.412010 0.592342
  norm 0.899945 -0.305597 0.310980
  color 1.000000 1.000000 1.000000 1.000000
vertex
  pos 4.236630 0.386794 -9.815723
  texCoord 0.320254 0.596061
  norm 0.986783 -0.113730 -0.115434
  color 1.000000 1.000000 1.000000 1.000000
vertex
  pos 1.554009 2.460431 -6.290279
  texCoord 0.070526 0.403837
  norm 0.213710 0.790502 0.573964
  color 1.000000 1.000000 1.000000 1.000000
vertex
  pos 3.323879 1.699508 -6.599174
  texCoord 0.181927 0.396226
  norm 0.102253 0.088590 0.990806
  color 1.000000 1.000000 1.000000 1.000000
vertex
  pos 4.205165 2.531355 -7.238285
  texCoord 0.227671 0.452775
  norm 0.145231 0.729129 0.668789
  color 1.000000 1.000000 1.000000 1.000000
vertex
  pos 2.214342 1.675724 -6.442104
  texCoord 0.109769 0.371649
  norm 0.374148 -0.122053 0.919302
  color 1.000000 1.000000 1.000000 1.000000
vertex
  pos 3.323879 1.699508 -6.599174
  texCoord 0.181927 0.396226
  norm 0.102253 0.088590 0.990806
  color 1.000000 1.000000 1.000000 1.000000
vertex
  pos 1.554009 2.460431 -6.290279
  texCoord 0.070526 0.403837
  norm 0.213710 0.790502 0.573964
  color 1.000000 1.000000 1.000000 1.000000
vertex
  pos 3.674724 -1.287492 -9.321659
  texCoord 0.466183 0.548851
  norm 0.771210 -0.569386 0.284666
  color 1.000000 1.000000 1.000000 1.000000
vertex
  pos 4.163619 -0.556144 -8.206837
  texCoord 0.432525 0.480981
  norm 0.338792 -0.871798 0.353821
  color 1.000000 1.000000 1.000000 1.000000
vertex
  pos 3.026034 -1.672136 -8.891426
  texCoord 0.516764 0.508711
  norm 0.306561 -0.673380 0.672740
  color 1.000000 1.000000 1.000000 1.000000
vertex
  pos 1.831314 -2.057232 -8.797321
  texCoord 0.596973 0.513528
  norm 0.138460 -0.576087 0.805576
  color 1.000000 1.000000 1.000000 1.000000
vertex
  pos 3.026034 -1.672136 -8.891426
  texCoord 0.516764 0.508711
  norm 0.306561 -0.673380 0.672740
  color 1.000000 1.000000 1.000000 1.000000
vertex
  pos 1.941312 -0.666916 -7.946815
  texCoord 0.594364 0.464685
  norm 0.179794 -0.676365 0.714286
  color 1.000000 1.000000 1.000000 1.000000
vertex
  pos 1.335634 1.540334 -5.478859
  texCoord 0.525217 0.220489
  norm 0.782600 0.434685 0.445629
  color 1.000000 1.000000 1.000000 1.000000
vertex
  pos 1.313041 1.328162 -4.268215
  texCoord 0.528411 0.160629
  norm 0.798226 0.587929 0.131052
  color 1.000000 1.000000 1.000000 1.000000
vertex
  pos 1.483001 0.518131 -4.363010
  texCoord 0.583311 0.175924
  norm 0.998660 -0.044469 -0.026459
  color 1.000000 1.000000 1.000000 1.000000
vertex
  pos 1.483001 0.518131 -4.363010
  texCoord 0.583311 0.175924
  norm 0.998660 -0.044469 -0.026459
  color 1.000000 1.000000 1.000000 1.000000
vertex
  pos 1.513834 0.791014 -6.033360
  texCoord 0.586889 0.267535
  norm 0.913584 -0.367347 0.174417
  color 1.000000 1.000000 1.000000 1.000000
vertex
  pos 1.335634 1.540334 -5.478859
  texCoord 0.525217 0.220489
  norm 0.782600 0.434685 0.445629
  color 1.000000 1.000000 1.000000 1.000000
vertex
  pos 0.078951 2.211191 -5.319857
  texCoord 0.497895 0.212650
  norm -0.000000 0.819968 0.572409
  color 1.000000 1.000000 1.000000 1.000000
vertex
  pos 1.335634 1.540334 -5.478859
  texCoord 0.525217 0.220489
  norm 0.782600 0.434685 0.445629
  color 1.000000 1.000000 1.000000 1.000000
vertex
  pos 1.554009 2.460431 -6.290279
  texCoord 0.535069 0.284211
  norm 0.213710 0.790502 0.573964
  color 1.000000 1.000000 1.000000 1.000000
vertex
  pos 1.554009 2.460431 -6.290279
  texCoord 0.535069 0.284211
  norm 0.213710 0.790502 0.573964
  color 1.000000 1.000000 1.000000 1.000000
vertex
  pos 0.078951 2.230010 -5.334085
  texCoord 0.497988 0.213782
  norm -0.000000 0.803326 0.595539
  color 1.000000 1.000000 1.000000 1.000000
vertex
  pos 0.078951 2.211191 -5.319857
  texCoord 0.497895 0.212650
  norm -0.000000 0.819968 0.572409
  color 1.000000 1.000000 1.000000 1.000000
vertex
  pos 1.335634 1.540334 -5.478859
  texCoord 0.525217 0.220489
  norm 0.782600 0.434685 0.445629
  color 1.000000 1.000000 1.000000 1.000000
vertex
  pos 2.214342 1.675724 -6.442104
  texCoord 0.567533 0.287870
  norm 0.374148 -0.122053 0.919302
  color 1.000000 1.000000 1.000000 1.000000
vertex
  pos 1.554009 2.460431 -6.290279
  texCoord 0.535069 0.284211
  norm 0.213710 0.790502 0.573964
  color 1.000000 1.000000 1.000000 1.000000
vertex
  pos 0.078951 -2.798114 -9.639126
  texCoord 0.736515 0.560012
  norm -0.000000 -0.990790 0.135404
  color 1.000000 1.000000 1.000000 1.000000
vertex
  pos 0.752494 -2.357514 -9.092110
  texCoord 0.694723 0.538099
  norm -0.106219 -0.683421 0.722256
  color 1.000000 1.000000 1.000000 1.000000
vertex
  pos 0.078951 -1.486050 -8.186260
  texCoord 0.737262 0.477926
  norm 0.000000 -0.697761 0.716331
  color 1.000000 1.000000 1.000000 1.000000
vertex
  pos 4.163619 -0.556144 -8.206837
  texCoord 0.938881 0.079405
  norm 0.338792 -0.871798 0.353821
  color 1.000000 1.000000 1.000000 1.000000
vertex
  pos 4.140471 -0.191453 -9.145901
  texCoord 0.951479 0.083404
  norm 0.877520 -0.406776 -0.253952
  color 1.000000 1.000000 1.000000 1.000000
vertex
  pos 4.644786 -0.475626 -8.222874
  texCoord 0.938295 0.094066
  norm 0.167511 -0.980426 0.103463
  color 1.000000 1.000000 1.000000 1.000000
vertex
  pos 5.422537 -0.345479 -8.248795
  texCoord 0.937349 0.117763
  norm 0.199401 -0.964330 0.174090
  color 1.000000 1.000000 1.000000 1.000000
vertex
  pos 4.696805 -0.000222 -7.520142
  texCoord 0.909141 0.091930
  norm 0.011085 -0.864524 0.502469
  color 1.000000 1.000000 1.000000 1.000000
vertex
  pos 4.644786 -0.475626 -8.222874
  texCoord 0.938295 0.094066
  norm 0.167511 -0.980426 0.103463
  color 1.000000 1.000000 1.000000 1.000000
vertex
  pos 3.433217 0.524705 -6.894341
  texCoord 0.472421 0.389686
  norm 0.005773 -0.546999 0.837113
  color 1.000000 1.000000 1.000000 1.000000
vertex
  pos 3.323879 1.699508 -6.599174
  texCoord 0.478124 0.344183
  norm 0.102253 0.088590 0.990806
  color 1.000000 1.000000 1.000000 1.000000
vertex
  pos 2.214342 1.675724 -6.442104
  texCoord 0.574777 0.325064
  norm 0.374148 -0.122053 0.919302
  color 1.000000 1.000000 1.000000 1.000000
vertex
  pos 2.214342 1.675724 -6.442104
  texCoord 0.574777 0.325064
  norm 0.374148 -0.122053 0.919302
  color 1.000000 1.000000 1.000000 1.000000
vertex
  pos 1.101472 0.015045 -6.741554
  texCoord 0.656282 0.388730
  norm 0.466407 -0.799897 0.377663
  color 1.000000 1.000000 1.000000 1.000000
vertex
  pos 3.433217 0.524705 -6.894341
  texCoord 0.472421 0.389686
  norm 0.005773 -0.546999 0.837113
  color 1.000000 1.000000 1.000000 1.000000
vertex
  pos 1.941312 -0.666916 -7.946815
  texCoord 0.594364 0.464685
  norm 0.179794 -0.676365 0.714286
  color 1.000000 1.000000 1.000000 1.000000
vertex
  pos 3.784738 -0.016504 -7.616814
  texCoord 0.459448 0.443479
  norm 0.050741 -0.748319 0.661396
  color 1.000000 1.000000 1.000000 1.000000
vertex
  pos 3.433217 0.524705 -6.894341
  texCoord 0.473592 0.387379
  norm 0.005773 -0.546999 0.837113
  color 1.000000 1.000000 1.000000 1.000000
vertex
  pos 3.433217 0.524705 -6.894341
  texCoord 0.473592 0.387379
  norm 0.005773 -0.546999 0.837113
  color 1.000000 1.000000 1.000000 1.000000
vertex
  pos 1.101472 0.015045 -6.741554
  texCoord 0.656282 0.388730
  norm 0.466407 -0.799897 0.377663
  color 1.000000 1.000000 1.000000 1.000000
vertex
  pos 1.941312 -0.666916 -7.946815
  texCoord 0.594364 0.464685
  norm 0.179794 -0.676365 0.714286
  color 1.000000 1.000000 1.000000 1.000000
vertex
  pos 3.784738 -0.016504 -7.616814
  texCoord 0.459448 0.443479
  norm 0.050741 -0.748319 0.661396
  color 1.000000 1.000000 1.000000 1.000000
vertex
  pos 1.941312 -0.666916 -7.946815
  texCoord 0.594364 0.464685
  norm 0.179794 -0.676365 0.714286
  color 1.000000 1.000000 1.000000 1.000000
vertex
  pos 3.026034 -1.672136 -8.891426
  texCoord 0.516764 0.508711
  norm 0.306561 -0.673380 0.672740
  color 1.000000 1.000000 1.000000 1.000000
vertex
  pos 3.026034 -1.672136 -8.891426
  texCoord 0.516764 0.508711
  norm 0.306561 -0.673380 0.672740
  color 1.000000 1.000000 1.000000 1.000000
vertex
  pos 4.163619 -0.556144 -8.206837
  texCoord 0.432525 0.480981
  norm 0.338792 -0.871798 0.353821
  color 1.000000 1.000000 1.000000 1.000000
vertex
  pos 3.784738 -0.016504 -7.616814
  texCoord 0.459448 0.443479
  norm 0.050741 -0.748319 0.661396
  color 1.000000 1.000000 1.000000 1.000000
vertex
  pos 4.163619 -0.556144 -8.206837
  texCoord 0.938881 0.079405
  norm 0.338792 -0.871798 0.353821
  color 1.000000 1.000000 1.000000 1.000000
vertex
  pos 4.171185 -0.009605 -7.575851
  texCoord 0.908099 0.081385
  norm -0.064640 -0.806982 0.587028
  color 1.000000 1.000000 1.000000 1.000000
vertex
  pos 3.784738 -0.016504 -7.616814
  texCoord 0.907333 0.073633
  norm 0.050741 -0.748319 0.661396
  color 1.000000 1.000000 1.000000 1.000000
vertex
  pos 6.167299 0.277757 -7.031639
  texCoord 0.892039 0.135633
  norm 0.206842 -0.621835 0.755339
  color 1.000000 1.000000 1.000000 1.000000
vertex
  pos 5.422537 -0.345479 -8.248795
  texCoord 0.937349 0.117763
  norm 0.199401 -0.964330 0.174090
  color 1.000000 1.000000 1.000000 1.000000
vertex
  pos 7.251065 0.423491 -7.245159
  texCoord 0.892893 0.155806
  norm 0.207804 -0.397953 0.893561
  color 1.000000 1.000000 1.000000 1.000000
vertex
  pos 3.835546 -1.373873 -9.640934
  texCoord 0.458941 0.583779
  norm 0.789040 -0.399037 0.467102
  color 1.000000 1.000000 1.000000 1.000000
vertex
  pos 4.127778 -0.761913 -9.669754
  texCoord 0.412010 0.592342
  norm 0.899945 -0.305597 0.310980
  color 1.000000 1.000000 1.000000 1.000000
vertex
  pos 4.140471 -0.191453 -9.145901
  texCoord 0.386084 0.553880
  norm 0.877520 -0.406776 -0.253952
  color 1.000000 1.000000 1.000000 1.000000
vertex
  pos 4.140471 -0.191453 -9.145901
  texCoord 0.386084 0.553880
  norm 0.877520 -0.406776 -0.253952
  color 1.000000 1.000000 1.000000 1.000000
vertex
  pos 3.674724 -1.287492 -9.321659
  texCoord 0.466183 0.548851
  norm 0.771210 -0.569386 0.284666
  color 1.000000 1.000000 1.000000 1.000000
vertex
  pos 3.835546 -1.373873 -9.640934
  texCoord 0.458941 0.583779
  norm 0.789040 -0.399037 0.467102
  color 1.000000 1.000000 1.000000 1.000000
vertex
  pos 1.554009 2.460431 -6.290279
  texCoord 0.535069 0.284211
  norm 0.213710 0.790502 0.573964
  color 1.000000 1.000000 1.000000 1.000000
vertex
  pos 0.078951 2.291977 -6.114277
  texCoord 0.497804 0.274401
  norm 0.000000 0.986629 0.162983
  color 1.000000 1.000000 1.000000 1.000000
vertex
  pos 0.078951 2.230010 -5.334085
  texCoord 0.497988 0.213782
  norm -0.000000 0.803326 0.595539
  color 1.000000 1.000000 1.000000 1.000000
vertex
  pos 4.140471 -0.191453 -9.145901
  texCoord 0.386084 0.553880
  norm 0.877520 -0.406776 -0.253952
  color 1.000000 1.000000 1.000000 1.000000
vertex
  pos 4.163619 -0.556144 -8.206837
  texCoord 0.432525 0.480981
  norm 0.338792 -0.871798 0.353821
  color 1.000000 1.000000 1.000000 1.000000
vertex
  pos 3.674724 -1.287492 -9.321659
  texCoord 0.466183 0.548851
  norm 0.771210 -0.569386 0.284666
  color 1.000000 1.000000 1.000000 1.000000
vertex
  pos 4.179756 1.530665 -10.067287
  texCoord 0.254811 0.603093
  norm 0.891866 0.327232 -0.312240
  color 1.000000 1.000000 1.000000 1.000000
vertex
  pos 4.424820 1.658269 -9.271584
  texCoord 0.253883 0.553703
  norm 0.931185 0.181849 -0.315952
  color 1.000000 1.000000 1.000000 1.000000
vertex
  pos 4.365557 0.603708 -9.221195
  texCoord 0.297070 0.556786
  norm 0.911282 -0.165910 -0.376882
  color 1.000000 1.000000 1.000000 1.000000
vertex
  pos 4.365557 0.603708 -9.221195
  texCoord 0.297070 0.556786
  norm 0.911282 -0.165910 -0.376882
  color 1.000000 1.000000 1.000000 1.000000
vertex
  pos 4.236630 0.386794 -9.815723
  texCoord 0.320254 0.596061
  norm 0.986783 -0.113730 -0.115434
  color 1.000000 1.000000 1.000000 1.000000
vertex
  pos 4.179756 1.530665 -10.067287
  texCoord 0.254811 0.603093
  norm 0.891866 0.327232 -0.312240
  color 1.000000 1.000000 1.000000 1.000000
vertex
  pos 1.513834 0.791014 -6.033360
  texCoord 0.586889 0.267535
  norm 0.913584 -0.367347 0.174417
  color 1.000000 1.000000 1.000000 1.000000
vertex
  pos 2.214342 1.675724 -6.442104
  texCoord 0.567533 0.287870
  norm 0.374148 -0.122053 0.919302
  color 1.000000 1.000000 1.000000 1.000000
vertex
  pos 1.335634 1.540334 -5.478859
  texCoord 0.525217 0.220489
  norm 0.782600 0.434685 0.445629
  color 1.000000 1.000000 1.000000 1.000000
vertex
  pos 0.699334 -0.625324 -4.787521
  texCoord 0.697712 0.288931
  norm 0.412833 -0.883759 -0.220316
  color 1.000000 1.000000 1.000000 1.000000
vertex
  pos 1.101472 0.015045 -6.741554
  texCoord 0.656282 0.388730
  norm 0.466407 -0.799897 0.377663
  color 1.000000 1.000000 1.000000 1.000000
vertex
  pos 1.271937 -0.411836 -4.441277
  texCoord 0.665588 0.269611
  norm 0.828316 -0.536638 -0.160972
  color 1.000000 1.000000 1.000000 1.000000
vertex
  pos 1.313041 1.328162 -4.268215
  texCoord 0.528411 0.160629
  norm 0.798226 0.587929 0.131052
  color 1.000000 1.000000 1.000000 1.000000
vertex
  pos 1.335634 1.540334 -5.478859
  texCoord 0.525217 0.220489
  norm 0.782600 0.434685 0.445629
  color 1.000000 1.000000 1.000000 1.000000
vertex
  pos 0.078951 2.211191 -5.319857
  texCoord 0.497895 0.212650
  norm -0.000000 0.819968 0.572409
  color 1.000000 1.000000 1.000000 1.000000
vertex
  pos 0.078951 2.211191 -5.319857
  texCoord 0.497895 0.212650
  norm -0.000000 0.819968 0.572409
  color 1.000000 1.000000 1.000000 1.000000
vertex
  pos 0.078951 1.919772 -4.133000
  texCoord 0.497657 0.139672
  norm -0.000000 0.964377 -0.264532
  color 1.000000 1.000000 1.000000 1.000000
vertex
  pos 1.313041 1.328162 -4.268215
  texCoord 0.528411 0.160629
  norm 0.798226 0.587929 0.131052
  color 1.000000 1.000000 1.000000 1.000000
vertex
  pos 1.471755 3.053779 -8.566803
  texCoord 0.079731 0.506553
  norm -0.179707 0.978014 0.105807
  color 1.000000 1.000000 1.000000 1.000000
vertex
  pos 2.018406 3.208740 -10.636837
  texCoord 0.111951 0.628723
  norm -0.288958 0.957330 -0.004643
  color 1.000000 1.000000 1.000000 1.000000
vertex
  pos 0.078951 2.561413 -10.568395
  texCoord 0.006313 0.622148
  norm 0.000000 0.998330 -0.057765
  color 1.000000 1.000000 1.000000 1.000000
vertex
  pos 0.078951 2.561413 -10.568395
  texCoord 0.006313 0.622148
  norm 0.000000 0.998330 -0.057765
  color 1.000000 1.000000 1.000000 1.000000
vertex
  pos 0.078951 2.860112 -8.216311
  texCoord 0.006293 0.506529
  norm 0.000000 0.995179 0.098074
  color 1.000000 1.000000 1.000000 1.000000
vertex
  pos 1.471755 3.053779 -8.566803
  texCoord 0.079731 0.506553
  norm -0.179707 0.978014 0.105807
  color 1.000000 1.000000 1.000000 1.000000
vertex
  pos 1.554009 2.460431 -6.290279
  texCoord 0.070526 0.403837
  norm 0.213710 0.790502 0.573964
  color 1.000000 1.000000 1.000000 1.000000
vertex
  pos 1.471755 3.053779 -8.566803
  texCoord 0.079731 0.506553
  norm -0.179707 0.978014 0.105807
  color 1.000000 1.000000 1.000000 1.000000
vertex
  pos 0.078951 2.860112 -8.216311
  texCoord 0.006293 0.506529
  norm 0.000000 0.995179 0.098074
  color 1.000000 1.000000 1.000000 1.000000
vertex
  pos 0.078951 2.860112 -8.216311
  texCoord 0.006293 0.506529
  norm 0.000000 0.995179 0.098074
  color 1.000000 1.000000 1.000000 1.000000
vertex
  pos 0.078951 2.291977 -6.114277
  texCoord 0.003900 0.411012
  norm 0.000000 0.986629 0.162983
  color 1.000000 1.000000 1.000000 1.000000
vertex
  pos 1.554009 2.460431 -6.290279
  texCoord 0.070526 0.403837
  norm 0.213710 0.790502 0.573964
  color 1.000000 1.000000 1.000000 1.000000
vertex
  pos -4.005717 -0.556144 -8.206837
  texCoord 0.938881 0.079405
  norm -0.338792 -0.871798 0.353821
  color 1.000000 1.000000 1.000000 1.000000
vertex
  pos -4.013283 -0.009605 -7.575851
  texCoord 0.908099 0.081385
  norm 0.064640 -0.806982 0.587028
  color 1.000000 1.000000 1.000000 1.000000
vertex
  pos -4.538903 -0.000222 -7.520142
  texCoord 0.909141 0.091930
  norm -0.011085 -0.864524 0.502469
  color 1.000000 1.000000 1.000000 1.000000
vertex
  pos -4.538903 -0.000222 -7.520142
  texCoord 0.909141 0.091930
  norm -0.011085 -0.864524 0.502469
  color 1.000000 1.000000 1.000000 1.000000
vertex
  pos -4.486884 -0.475626 -8.222874
  texCoord 0.938295 0.094066
  norm -0.167511 -0.980426 0.103463
  color 1.000000 1.000000 1.000000 1.000000
vertex
  pos -4.005717 -0.556144 -8.206837
  texCoord 0.938881 0.079405
  norm -0.338792 -0.871798 0.353821
  color 1.000000 1.000000 1.000000 1.000000
vertex
  pos -3.982570 -0.191453 -9.145901
  texCoord 0.951479 0.083404
  norm -0.877520 -0.406776 -0.253952
  color 1.000000 1.000000 1.000000 1.000000
vertex
  pos -4.486884 -0.475626 -8.222874
  texCoord 0.938295 0.094066
  norm -0.167511 -0.980426 0.103463
  color 1.000000 1.000000 1.000000 1.000000
vertex
  pos -5.264635 -0.345479 -8.248795
  texCoord 0.937349 0.117763
  norm -0.199401 -0.964330 0.174090
  color 1.000000 1.000000 1.000000 1.000000
vertex
  pos -5.264635 -0.345479 -8.248795
  texCoord 0.937349 0.117763
  norm -0.199401 -0.964330 0.174090
  color 1.000000 1.000000 1.000000 1.000000
vertex
  pos -4.207655 0.603708 -9.221195
  texCoord 0.973754 0.089534
  norm -0.911282 -0.165910 -0.376882
  color 1.000000 1.000000 1.000000 1.000000
vertex
  pos -3.982570 -0.191453 -9.145901
  texCoord 0.951479 0.083404
  norm -0.877520 -0.406776 -0.253952
  color 1.000000 1.000000 1.000000 1.000000
vertex
  pos -0.943570 0.015045 -6.741554
  texCoord 0.656282 0.388730
  norm -0.466407 -0.799897 0.377663
  color 1.000000 1.000000 1.000000 1.000000
vertex
  pos -1.114035 -0.411836 -4.441277
  texCoord 0.665588 0.269611
  norm -0.828316 -0.536638 -0.160972
  color 1.000000 1.000000 1.000000 1.000000
vertex
  pos -1.325099 0.518131 -4.363010
  texCoord 0.627444 0.275712
  norm -0.998660 -0.044469 -0.026459
  color 1.000000 1.000000 1.000000 1.000000
vertex
  pos -1.325099 0.518131 -4.363010
  texCoord 0.627444 0.275712
  norm -0.998660 -0.044469 -0.026459
  color 1.000000 1.000000 1.000000 1.000000
vertex
  pos -1.355932 0.791014 -6.033360
  texCoord 0.611989 0.318849
  norm -0.913584 -0.367347 0.174417
  color 1.000000 1.000000 1.000000 1.000000
vertex
  pos -0.943570 0.015045 -6.741554
  texCoord 0.656282 0.388730
  norm -0.466407 -0.799897 0.377663
  color 1.000000 1.000000 1.000000 1.000000
vertex
  pos -2.463286 3.327774 -8.861721
  texCoord 0.142150 0.514031
  norm 0.109272 0.976154 0.187572
  color 1.000000 1.000000 1.000000 1.000000
vertex
  pos -4.047263 2.531355 -7.238285
  texCoord 0.227671 0.452775
  norm -0.145231 0.729129 0.668789
  color 1.000000 1.000000 1.000000 1.000000
vertex
  pos -1.396107 2.460431 -6.290279
  texCoord 0.070526 0.403837
  norm -0.213710 0.790502 0.573964
  color 1.000000 1.000000 1.000000 1.000000
vertex
  pos -1.396107 2.460431 -6.290279
  texCoord 0.070526 0.403837
  norm -0.213710 0.790502 0.573964
  color 1.000000 1.000000 1.000000 1.000000
vertex
  pos -1.313853 3.053779 -8.566803
  texCoord 0.079731 0.506553
  norm 0.179706 0.978014 0.105807
  color 1.000000 1.000000 1.000000 1.000000
vertex
  pos -2.463286 3.327774 -8.861721
  texCoord 0.142150 0.514031
  norm 0.109272 0.976154 0.187572
  color 1.000000 1.000000 1.000000 1.000000
vertex
  pos -1.673412 -2.057232 -8.797321
  texCoord 0.596973 0.513528
  norm -0.138460 -0.576087 0.805576
  color 1.000000 1.000000 1.000000 1.000000
vertex
  pos -0.594592 -2.357514 -9.092110
  texCoord 0.694723 0.538099
  norm 0.106219 -0.683421 0.722256
  color 1.000000 1.000000 1.000000 1.000000
vertex
  pos 0.078951 -1.486050 -8.186260
  texCoord 0.737262 0.477926
  norm 0.000000 -0.697761 0.716331
  color 1.000000 1.000000 1.000000 1.000000
vertex
  pos 0.078951 -1.486050 -8.186260
  texCoord 0.737262 0.477926
  norm 0.000000 -0.697761 0.716331
  color 1.000000 1.000000 1.000000 1.000000
vertex
  pos -1.783410 -0.666916 -7.946815
  texCoord 0.594364 0.464685
  norm -0.179794 -0.676365 0.714286
  color 1.000000 1.000000 1.000000 1.000000
vertex
  pos -1.673412 -2.057232 -8.797321
  texCoord 0.596973 0.513528
  norm -0.138460 -0.576087 0.805576
  color 1.000000 1.000000 1.000000 1.000000
vertex
  pos 0.078951 -2.798114 -9.639126
  texCoord 0.736515 0.560012
  norm -0.000000 -0.990790 0.135404
  color 1.000000 1.000000 1.000000 1.000000
vertex
  pos -0.594592 -2.357514 -9.092110
  texCoord 0.694723 0.538099
  norm 0.106219 -0.683421 0.722256
  color 1.000000 1.000000 1.000000 1.000000
vertex
  pos -0.875891 -2.531035 -9.127785
  texCoord 0.670630 0.560596
  norm 0.209976 -0.649116 0.731135
  color 1.000000 1.000000 1.000000 1.000000
vertex
  pos -0.875891 -2.531035 -9.127785
  texCoord 0.670630 0.560596
  norm 0.209976 -0.649116 0.731135
  color 1.000000 1.000000 1.000000 1.000000
vertex
  pos 0.078951 -2.769595 -9.770855
  texCoord 0.710897 0.594201
  norm 0.000000 -0.977356 -0.211600
  color 1.000000 1.000000 1.000000 1.000000
vertex
  pos 0.078951 -2.798114 -9.639126
  texCoord 0.736515 0.560012
  norm -0.000000 -0.990790 0.135404
  color 1.000000 1.000000 1.000000 1.000000
vertex
  pos -5.061196 1.816519 -6.591072
  texCoord 0.842127 0.106659
  norm -0.150065 0.412881 0.898337
  color 1.000000 1.000000 1.000000 1.000000
vertex
  pos -6.073728 1.810440 -6.857952
  texCoord 0.839267 0.137052
  norm -0.225272 0.432364 0.873106
  color 1.000000 1.000000 1.000000 1.000000
vertex
  pos -6.009398 0.277757 -7.031639
  texCoord 0.892039 0.135633
  norm -0.206842 -0.621835 0.755339
  color 1.000000 1.000000 1.000000 1.000000
vertex
  pos -6.009398 0.277757 -7.031639
  texCoord 0.892039 0.135633
  norm -0.206842 -0.621835 0.755339
  color 1.000000 1.000000 1.000000 1.000000
vertex
  pos -4.984611 0.354277 -6.727585
  texCoord 0.885929 0.100923
  norm -0.088335 -0.577922 0.811297
  color 1.000000 1.000000 1.000000 1.000000
vertex
  pos -5.061196 1.816519 -6.591072
  texCoord 0.842127 0.106659
  norm -0.150065 0.412881 0.898337
  color 1.000000 1.000000 1.000000 1.000000
vertex
  pos -6.009398 0.277757 -7.031639
  texCoord 0.892039 0.135633
  norm -0.206842 -0.621835 0.755339
  color 1.000000 1.000000 1.000000 1.000000
vertex
  pos -5.264635 -0.345479 -8.248795
  texCoord 0.937349 0.117763
  norm -0.199401 -0.964330 0.174090
  color 1.000000 1.000000 1.000000 1.000000
vertex
  pos -4.538903 -0.000222 -7.520142
  texCoord 0.909141 0.091930
  norm -0.011085 -0.864524 0.502469
  color 1.000000 1.000000 1.000000 1.000000
vertex
  pos -4.538903 -0.000222 -7.520142
  texCoord 0.909141 0.091930
  norm -0.011085 -0.864524 0.502469
  color 1.000000 1.000000 1.000000 1.000000
vertex
  pos -4.984611 0.354277 -6.727585
  texCoord 0.885929 0.100923
  norm -0.088335 -0.577922 0.811297
  color 1.000000 1.000000 1.000000 1.000000
vertex
  pos -6.009398 0.277757 -7.031639
  texCoord 0.892039 0.135633
  norm -0.206842 -0.621835 0.755339
  color 1.000000 1.000000 1.000000 1.000000
vertex
  pos -4.984611 0.354277 -6.727585
  texCoord 0.885929 0.100923
  norm -0.088335 -0.577922 0.811297
  color 1.000000 1.000000 1.000000 1.000000
vertex
  pos -4.023170 0.457831 -6.733887
  texCoord 0.884774 0.084769
  norm 0.136322 -0.570978 0.809568
  color 1.000000 1.000000 1.000000 1.000000
vertex
  pos -4.027474 1.744539 -6.486156
  texCoord 0.842203 0.084121
  norm 0.032708 0.296928 0.954340
  color 1.000000 1.000000 1.000000 1.000000
vertex
  pos -4.027474 1.744539 -6.486156
  texCoord 0.842203 0.084121
  norm 0.032708 0.296928 0.954340
  color 1.000000 1.000000 1.000000 1.000000
vertex
  pos -5.061196 1.816519 -6.591072
  texCoord 0.842127 0.106659
  norm -0.150065 0.412881 0.898337
  color 1.000000 1.000000 1.000000 1.000000
vertex
  pos -4.984611 0.354277 -6.727585
  texCoord 0.885929 0.100923
  norm -0.088335 -0.577922 0.811297
  color 1.000000 1.000000 1.000000 1.000000
vertex
  pos -5.044708 2.373814 -7.384464
  texCoord 0.814005 0.102298
  norm -0.141180 0.788551 0.598544
  color 1.000000 1.000000 1.000000 1.000000
vertex
  pos -6.119976 2.254503 -7.587189
  texCoord 0.815851 0.132332
  norm -0.224495 0.825914 0.517173
  color 1.000000 1.000000 1.000000 1.000000
vertex
  pos -6.073728 1.810440 -6.857952
  texCoord 0.839267 0.137052
  norm -0.225272 0.432364 0.873106
  color 1.000000 1.000000 1.000000 1.000000
vertex
  pos -6.073728 1.810440 -6.857952
  texCoord 0.839267 0.137052
  norm -0.225272 0.432364 0.873106
  color 1.000000 1.000000 1.000000 1.000000
vertex
  pos -5.061196 1.816519 -6.591072
  texCoord 0.842127 0.106659
  norm -0.150065 0.412881 0.898337
  color 1.000000 1.000000 1.000000 1.000000
vertex
  pos -5.044708 2.373814 -7.384464
  texCoord 0.814005 0.102298
  norm -0.141180 0.788551 0.598544
  color 1.000000 1.000000 1.000000 1.000000
vertex
  pos -6.073728 1.810440 -6.857952
  texCoord 0.839267 0.137052
  norm -0.225272 0.432364 0.873106
  color 1.000000 1.000000 1.000000 1.000000
vertex
  pos -7.294439 1.763994 -7.053837
  texCoord 0.838194 0.156290
  norm -0.160482 0.385289 0.908734
  color 1.000000 1.000000 1.000000 1.000000
vertex
  pos -7.093163 0.423491 -7.245159
  texCoord 0.892893 0.155806
  norm -0.207804 -0.397953 0.893561
  color 1.000000 1.000000 1.000000 1.000000
vertex
  pos -7.093163 0.423491 -7.245159
  texCoord 0.892893 0.155806
  norm -0.207804 -0.397953 0.893561
  color 1.000000 1.000000 1.000000 1.000000
vertex
  pos -6.009398 0.277757 -7.031639
  texCoord 0.892039 0.135633
  norm -0.206842 -0.621835 0.755339
  color 1.000000 1.000000 1.000000 1.000000
vertex
  pos -6.073728 1.810440 -6.857952
  texCoord 0.839267 0.137052
  norm -0.225272 0.432364 0.873106
  color 1.000000 1.000000 1.000000 1.000000
vertex
  pos -4.538903 -0.000222 -7.520142
  texCoord 0.909141 0.091930
  norm -0.011085 -0.864524 0.502469
  color 1.000000 1.000000 1.000000 1.000000
vertex
  pos -4.013283 -0.009605 -7.575851
  texCoord 0.908099 0.081385
  norm 0.064640 -0.806982 0.587028
  color 1.000000 1.000000 1.000000 1.000000
vertex
  pos -4.023170 0.457831 -6.733887
  texCoord 0.884774 0.084769
  norm 0.136322 -0.570978 0.809568
  color 1.000000 1.000000 1.000000 1.000000
vertex
  pos -4.023170 0.457831 -6.733887
  texCoord 0.884774 0.084769
  norm 0.136322 -0.570978 0.809568
  color 1.000000 1.000000 1.000000 1.000000
vertex
  pos -4.984611 0.354277 -6.727585
  texCoord 0.885929 0.100923
  norm -0.088335 -0.577922 0.811297
  color 1.000000 1.000000 1.000000 1.000000
vertex
  pos -4.538903 -0.000222 -7.520142
  texCoord 0.909141 0.091930
  norm -0.011085 -0.864524 0.502469
  color 1.000000 1.000000 1.000000 1.000000
vertex
  pos -4.027474 1.744539 -6.486156
  texCoord 0.842203 0.084121
  norm 0.032708 0.296928 0.954340
  color 1.000000 1.000000 1.000000 1.000000
vertex
  pos -4.023170 0.457831 -6.733887
  texCoord 0.884774 0.084769
  norm 0.136322 -0.570978 0.809568
  color 1.000000 1.000000 1.000000 1.000000
vertex
  pos -3.275315 0.524705 -6.894341
  texCoord 0.884028 0.074337
  norm -0.005773 -0.546999 0.837113
  color 1.000000 1.000000 1.000000 1.000000
vertex
  pos -3.275315 0.524705 -6.894341
  texCoord 0.884028 0.074337
  norm -0.005773 -0.546999 0.837113
  color 1.000000 1.000000 1.000000 1.000000
vertex
  pos -3.165977 1.699508 -6.599174
  texCoord 0.842251 0.070020
  norm -0.102253 0.088590 0.990806
  color 1.000000 1.000000 1.000000 1.000000
vertex
  pos -4.027474 1.744539 -6.486156
  texCoord 0.842203 0.084121
  norm 0.032708 0.296928 0.954340
  color 1.000000 1.000000 1.000000 1.000000
vertex
  pos -5.044708 2.373814 -7.384464
  texCoord 0.814005 0.102298
  norm -0.141180 0.788551 0.598544
  color 1.000000 1.000000 1.000000 1.000000
vertex
  pos -5.061196 1.816519 -6.591072
  texCoord 0.842127 0.106659
  norm -0.150065 0.412881 0.898337
  color 1.000000 1.000000 1.000000 1.000000
vertex
  pos -4.027474 1.744539 -6.486156
  texCoord 0.842203 0.084121
  norm 0.032708 0.296928 0.954340
  color 1.000000 1.000000 1.000000 1.000000
vertex
  pos -4.027474 1.744539 -6.486156
  texCoord 0.842203 0.084121
  norm 0.032708 0.296928 0.954340
  color 1.000000 1.000000 1.000000 1.000000
vertex
  pos -4.047263 2.531355 -7.238285
  texCoord 0.817176 0.073642
  norm -0.145231 0.729129 0.668789
  color 1.000000 1.000000 1.000000 1.000000
vertex
  pos -5.044708 2.373814 -7.384464
  texCoord 0.814005 0.102298
  norm -0.141180 0.788551 0.598544
  color 1.000000 1.000000 1.000000 1.000000
vertex
  pos -6.779878 2.282016 -7.948250
  texCoord 0.794924 0.153570
  norm -0.158288 0.864779 0.476553
  color 1.000000 1.000000 1.000000 1.000000
vertex
  pos -7.294439 1.763994 -7.053837
  texCoord 0.838194 0.156290
  norm -0.160482 0.385289 0.908734
  color 1.000000 1.000000 1.000000 1.000000
vertex
  pos -6.073728 1.810440 -6.857952
  texCoord 0.839267 0.137052
  norm -0.225272 0.432364 0.873106
  color 1.000000 1.000000 1.000000 1.000000
vertex
  pos -6.073728 1.810440 -6.857952
  texCoord 0.839267 0.137052
  norm -0.225272 0.432364 0.873106
  color 1.000000 1.000000 1.000000 1.000000
vertex
  pos -6.119976 2.254503 -7.587189
  texCoord 0.815851 0.132332
  norm -0.224495 0.825914 0.517173
  color 1.000000 1.000000 1.000000 1.000000
vertex
  pos -6.779878 2.282016 -7.948250
  texCoord 0.794924 0.153570
  norm -0.158288 0.864779 0.476553
  color 1.000000 1.000000 1.000000 1.000000
vertex
  pos -3.275315 0.524705 -6.894341
  texCoord 0.884028 0.074337
  norm -0.005773 -0.546999 0.837113
  color 1.000000 1.000000 1.000000 1.000000
vertex
  pos -4.023170 0.457831 -6.733887
  texCoord 0.884774 0.084769
  norm 0.136322 -0.570978 0.809568
  color 1.000000 1.000000 1.000000 1.000000
vertex
  pos -4.013283 -0.009605 -7.575851
  texCoord 0.908099 0.081385
  norm 0.064640 -0.806982 0.587028
  color 1.000000 1.000000 1.000000 1.000000
vertex
  pos -4.013283 -0.009605 -7.575851
  texCoord 0.908099 0.081385
  norm 0.064640 -0.806982 0.587028
  color 1.000000 1.000000 1.000000 1.000000
vertex
  pos -3.626836 -0.016504 -7.616814
  texCoord 0.907333 0.073633
  norm -0.050741 -0.748319 0.661396
  color 1.000000 1.000000 1.000000 1.000000
vertex
  pos -3.275315 0.524705 -6.894341
  texCoord 0.884028 0.074337
  norm -0.005773 -0.546999 0.837113
  color 1.000000 1.000000 1.000000 1.000000
vertex
  pos -0.943570 0.015045 -6.741554
  texCoord 0.656282 0.388730
  norm -0.466407 -0.799897 0.377663
  color 1.000000 1.000000 1.000000 1.000000
vertex
  pos -1.783410 -0.666916 -7.946815
  texCoord 0.594364 0.464685
  norm -0.179794 -0.676365 0.714286
  color 1.000000 1.000000 1.000000 1.000000
vertex
  pos 0.078951 -1.486050 -8.186260
  texCoord 0.737262 0.477926
  norm 0.000000 -0.697761 0.716331
  color 1.000000 1.000000 1.000000 1.000000
vertex
  pos 0.078951 -1.486050 -8.186260
  texCoord 0.737262 0.477926
  norm 0.000000 -0.697761 0.716331
  color 1.000000 1.000000 1.000000 1.000000
vertex
  pos 0.078951 -0.317318 -6.828724
  texCoord 0.735242 0.402490
  norm 0.000000 -0.961810 0.273717
  color 1.000000 1.000000 1.000000 1.000000
vertex
  pos -0.943570 0.015045 -6.741554
  texCoord 0.656282 0.388730
  norm -0.466407 -0.799897 0.377663
  color 1.000000 1.000000 1.000000 1.000000
vertex
  pos 0.078951 -0.317318 -6.828724
  texCoord 0.735242 0.402490
  norm 0.000000 -0.961810 0.273717
  color 1.000000 1.000000 1.000000 1.000000
vertex
  pos 0.078951 -0.845787 -5.010006
  texCoord 0.733690 0.298063
  norm -0.000000 -0.491942 -0.870628
  color 1.000000 1.000000 1.000000 1.000000
vertex
  pos -0.541432 -0.625324 -4.787521
  texCoord 0.697712 0.288931
  norm -0.412833 -0.883759 -0.220315
  color 1.000000 1.000000 1.000000 1.000000
vertex
  pos -0.541432 -0.625324 -4.787521
  texCoord 0.697712 0.288931
  norm -0.412833 -0.883759 -0.220315
  color 1.000000 1.000000 1.000000 1.000000
vertex
  pos -0.943570 0.015045 -6.741554
  texCoord 0.656282 0.388730
  norm -0.466407 -0.799897 0.377663
  color 1.000000 1.000000 1.000000 1.000000
vertex
  pos 0.078951 -0.317318 -6.828724
  texCoord 0.735242 0.402490
  norm 0.000000 -0.961810 0.273717
  color 1.000000 1.000000 1.000000 1.000000
vertex
  pos -0.943570 0.015045 -6.741554
  texCoord 0.656282 0.388730
  norm -0.466407 -0.799897 0.377663
  color 1.000000 1.000000 1.000000 1.000000
vertex
  pos -1.355932 0.791014 -6.033360
  texCoord 0.611989 0.318849
  norm -0.913584 -0.367347 0.174417
  color 1.000000 1.000000 1.000000 1.000000
vertex
  pos -2.056440 1.675724 -6.442104
  texCoord 0.574777 0.325064
  norm -0.374148 -0.122053 0.919302
  color 1.000000 1.000000 1.000000 1.000000
vertex
  pos -4.047263 2.531355 -7.238285
  texCoord 0.817176 0.073642
  norm -0.145231 0.729129 0.668789
  color 1.000000 1.000000 1.000000 1.000000
vertex
  pos -4.027474 1.744539 -6.486156
  texCoord 0.842203 0.084121
  norm 0.032708 0.296928 0.954340
  color 1.000000 1.000000 1.000000 1.000000
vertex
  pos -3.165977 1.699508 -6.599174
  texCoord 0.842251 0.070020
  norm -0.102253 0.088590 0.990806
  color 1.000000 1.000000 1.000000 1.000000
vertex
  pos -2.463286 3.327774 -8.861721
  texCoord 0.142150 0.514031
  norm 0.109272 0.976154 0.187572
  color 1.000000 1.000000 1.000000 1.000000
vertex
  pos -1.313853 3.053779 -8.566803
  texCoord 0.079731 0.506553
  norm 0.179706 0.978014 0.105807
  color 1.000000 1.000000 1.000000 1.000000
vertex
  pos -1.860504 3.208740 -10.636837
  texCoord 0.111951 0.628723
  norm 0.288958 0.957330 -0.004643
  color 1.000000 1.000000 1.000000 1.000000
vertex
  pos -4.266918 1.658269 -9.271584
  texCoord 0.253883 0.553703
  norm -0.931185 0.181849 -0.315952
  color 1.000000 1.000000 1.000000 1.000000
vertex
  pos -3.135357 2.489358 -10.328327
  texCoord 0.198427 0.612882
  norm -0.737168 0.593902 -0.322278
  color 1.000000 1.000000 1.000000 1.000000
vertex
  pos -4.021854 1.530665 -10.067287
  texCoord 0.254811 0.603093
  norm -0.891866 0.327232 -0.312240
  color 1.000000 1.000000 1.000000 1.000000
vertex
  pos -4.078729 0.386794 -9.815723
  texCoord 0.320254 0.596061
  norm -0.986783 -0.113730 -0.115434
  color 1.000000 1.000000 1.000000 1.000000
vertex
  pos -3.982570 -0.191453 -9.145901
  texCoord 0.386084 0.553880
  norm -0.877520 -0.406776 -0.253952
  color 1.000000 1.000000 1.000000 1.000000
vertex
  pos -4.207655 0.603708 -9.221195
  texCoord 0.297070 0.556786
  norm -0.911282 -0.165910 -0.376882
  color 1.000000 1.000000 1.000000 1.000000
vertex
  pos -3.982570 -0.191453 -9.145901
  texCoord 0.386084 0.553880
  norm -0.877520 -0.406776 -0.253952
  color 1.000000 1.000000 1.000000 1.000000
vertex
  pos -4.078729 0.386794 -9.815723
  texCoord 0.320254 0.596061
  norm -0.986783 -0.113730 -0.115434
  color 1.000000 1.000000 1.000000 1.000000
vertex
  pos -3.969876 -0.761913 -9.669754
  texCoord 0.412010 0.592342
  norm -0.899945 -0.305597 0.310980
  color 1.000000 1.000000 1.000000 1.000000
vertex
  pos -1.396107 2.460431 -6.290279
  texCoord 0.070526 0.403837
  norm -0.213710 0.790502 0.573964
  color 1.000000 1.000000 1.000000 1.000000
vertex
  pos -4.047263 2.531355 -7.238285
  texCoord 0.227671 0.452775
  norm -0.145231 0.729129 0.668789
  color 1.000000 1.000000 1.000000 1.000000
vertex
  pos -3.165977 1.699508 -6.599174
  texCoord 0.181927 0.396226
  norm -0.102253 0.088590 0.990806
  color 1.000000 1.000000 1.000000 1.000000
vertex
  pos -2.056440 1.675724 -6.442104
  texCoord 0.109769 0.371649
  norm -0.374148 -0.122053 0.919302
  color 1.000000 1.000000 1.000000 1.000000
vertex
  pos -1.396107 2.460431 -6.290279
  texCoord 0.070526 0.403837
  norm -0.213710 0.790502 0.573964
  color 1.000000 1.000000 1.000000 1.000000
vertex
  pos -3.165977 1.699508 -6.599174
  texCoord 0.181927 0.396226
  norm -0.102253 0.088590 0.990806
  color 1.000000 1.000000 1.000000 1.000000
vertex
  pos -3.516822 -1.287492 -9.321659
  texCoord 0.466183 0.548851
  norm -0.771210 -0.569386 0.284666
  color 1.000000 1.000000 1.000000 1.000000
vertex
  pos -2.868132 -1.672136 -8.891426
  texCoord 0.516764 0.508711
  norm -0.306561 -0.673380 0.672740
  color 1.000000 1.000000 1.000000 1.000000
vertex
  pos -4.005717 -0.556144 -8.206837
  texCoord 0.432525 0.480981
  norm -0.338792 -0.871798 0.353821
  color 1.000000 1.000000 1.000000 1.000000
vertex
  pos -1.673412 -2.057232 -8.797321
  texCoord 0.596973 0.513528
  norm -0.138460 -0.576087 0.805576
  color 1.000000 1.000000 1.000000 1.000000
vertex
  pos -1.783410 -0.666916 -7.946815
  texCoord 0.594364 0.464685
  norm -0.179794 -0.676365 0.714286
  color 1.000000 1.000000 1.000000 1.000000
vertex
  pos -2.868132 -1.672136 -8.891426
  texCoord 0.516764 0.508711
  norm -0.306561 -0.673380 0.672740
  color 1.000000 1.000000 1.000000 1.000000
vertex
  pos -1.177732 1.540334 -5.478859
  texCoord 0.525217 0.220489
  norm -0.782600 0.434685 0.445629
  color 1.000000 1.000000 1.000000 1.000000
vertex
  pos -1.325099 0.518131 -4.363010
  texCoord 0.583311 0.175924
  norm -0.998660 -0.044469 -0.026459
  color 1.000000 1.000000 1.000000 1.000000
vertex
  pos -1.155139 1.328161 -4.268215
  texCoord 0.528411 0.160629
  norm -0.798226 0.587929 0.131052
  color 1.000000 1.000000 1.000000 1.000000
vertex
  pos -1.325099 0.518131 -4.363010
  texCoord 0.583311 0.175924
  norm -0.998660 -0.044469 -0.026459
  color 1.000000 1.000000 1.000000 1.000000
vertex
  pos -1.177732 1.540334 -5.478859
  texCoord 0.525217 0.220489
  norm -0.782600 0.434685 0.445629
  color 1.000000 1.000000 1.000000 1.000000
vertex
  pos -1.355932 0.791014 -6.033360
  texCoord 0.586889 0.267535
  norm -0.913584 -0.367347 0.174417
  color 1.000000 1.000000 1.000000 1.000000
vertex
  pos 0.078951 2.211191 -5.319857
  texCoord 0.497895 0.212650
  norm -0.000000 0.819968 0.572409
  color 1.000000 1.000000 1.000000 1.000000
vertex
  pos 0.078951 2.230010 -5.334085
  texCoord 0.497988 0.213782
  norm -0.000000 0.803326 0.595539
  color 1.000000 1.000000 1.000000 1.000000
vertex
  pos -1.396107 2.460431 -6.290279
  texCoord 0.535069 0.284211
  norm -0.213710 0.790502 0.573964
  color 1.000000 1.000000 1.000000 1.000000
vertex
  pos -1.396107 2.460431 -6.290279
  texCoord 0.535069 0.284211
  norm -0.213710 0.790502 0.573964
  color 1.000000 1.000000 1.000000 1.000000
vertex
  pos -1.177732 1.540334 -5.478859
  texCoord 0.525217 0.220489
  norm -0.782600 0.434685 0.445629
  color 1.000000 1.000000 1.000000 1.000000
vertex
  pos 0.078951 2.211191 -5.319857
  texCoord 0.497895 0.212650
  norm -0.000000 0.819968 0.572409
  color 1.000000 1.000000 1.000000 1.000000
vertex
  pos -1.177732 1.540334 -5.478859
  texCoord 0.525217 0.220489
  norm -0.782600 0.434685 0.445629
  color 1.000000 1.000000 1.000000 1.000000
vertex
  pos -1.396107 2.460431 -6.290279
  texCoord 0.535069 0.284211
  norm -0.213710 0.790502 0.573964
  color 1.000000 1.000000 1.000000 1.000000
vertex
  pos -2.056440 1.675724 -6.442104
  texCoord 0.567533 0.287870
  norm -0.374148 -0.122053 0.919302
  color 1.000000 1.000000 1.000000 1.000000
vertex
  pos 0.078951 -2.798114 -9.639126
  texCoord 0.736515 0.560012
  norm -0.000000 -0.990790 0.135404
  color 1.000000 1.000000 1.000000 1.000000
vertex
  pos 0.078951 -1.486050 -8.186260
  texCoord 0.737262 0.477926
  norm 0.000000 -0.697761 0.716331
  color 1.000000 1.000000 1.000000 1.000000
vertex
  pos -0.594592 -2.357514 -9.092110
  texCoord 0.694723 0.538099
  norm 0.106219 -0.683421 0.722256
  color 1.000000 1.000000 1.000000 1.000000
vertex
  pos -4.005717 -0.556144 -8.206837
  texCoord 0.938881 0.079405
  norm -0.338792 -0.871798 0.353821
  color 1.000000 1.000000 1.000000 1.000000
vertex
  pos -4.486884 -0.475626 -8.222874
  texCoord 0.938295 0.094066
  norm -0.167511 -0.980426 0.103463
  color 1.000000 1.000000 1.000000 1.000000
vertex
  pos -3.982570 -0.191453 -9.145901
  texCoord 0.951479 0.083404
  norm -0.877520 -0.406776 -0.253952
  color 1.000000 1.000000 1.000000 1.000000
vertex
  pos -5.264635 -0.345479 -8.248795
  texCoord 0.937349 0.117763
  norm -0.199401 -0.964330 0.174090
  color 1.000000 1.000000 1.000000 1.000000
vertex
  pos -4.486884 -0.475626 -8.222874
  texCoord 0.938295 0.094066
  norm -0.167511 -0.980426 0.103463
  color 1.000000 1.000000 1.000000 1.000000
vertex
  pos -4.538903 -0.000222 -7.520142
  texCoord 0.909141 0.091930
  norm -0.011085 -0.864524 0.502469
  color 1.000000 1.000000 1.000000 1.000000
vertex
  pos -3.275315 0.524705 -6.894341
  texCoord 0.472421 0.389686
  norm -0.005773 -0.546999 0.837113
  color 1.000000 1.000000 1.000000 1.000000
vertex
  pos -2.056440 1.675724 -6.442104
  texCoord 0.574777 0.325064
  norm -0.374148 -0.122053 0.919302
  color 1.000000 1.000000 1.000000 1.000000
vertex
  pos -3.165977 1.699508 -6.599174
  texCoord 0.478124 0.344183
  norm -0.102253 0.088590 0.990806
  color 1.000000 1.000000 1.000000 1.000000
vertex
  pos -2.056440 1.675724 -6.442104
  texCoord 0.574777 0.325064
  norm -0.374148 -0.122053 0.919302
  color 1.000000 1.000000 1.000000 1.000000
vertex
  pos -3.275315 0.524705 -6.894341
  texCoord 0.472421 0.389686
  norm -0.005773 -0.546999 0.837113
  color 1.000000 1.000000 1.000000 1.000000
vertex
  pos -0.943570 0.015045 -6.741554
  texCoord 0.656282 0.388730
  norm -0.466407 -0.799897 0.377663
  color 1.000000 1.000000 1.000000 1.000000
vertex
  pos -1.783410 -0.666916 -7.946815
  texCoord 0.594364 0.464685
  norm -0.179794 -0.676365 0.714286
  color 1.000000 1.000000 1.000000 1.000000
vertex
  pos -3.275315 0.524705 -6.894341
  texCoord 0.473592 0.387379
  norm -0.005773 -0.546999 0.837113
  color 1.000000 1.000000 1.000000 1.000000
vertex
  pos -3.626836 -0.016504 -7.616814
  texCoord 0.459448 0.443479
  norm -0.050741 -0.748319 0.661396
  color 1.000000 1.000000 1.000000 1.000000
vertex
  pos -3.275315 0.524705 -6.894341
  texCoord 0.473592 0.387379
  norm -0.005773 -0.546999 0.837113
  color 1.000000 1.000000 1.000000 1.000000
vertex
  pos -1.783410 -0.666916 -7.946815
  texCoord 0.594364 0.464685
  norm -0.179794 -0.676365 0.714286
  color 1.000000 1.000000 1.000000 1.000000
vertex
  pos -0.943570 0.015045 -6.741554
  texCoord 0.656282 0.388730
  norm -0.466407 -0.799897 0.377663
  color 1.000000 1.000000 1.000000 1.000000
vertex
  pos -3.626836 -0.016504 -7.616814
  texCoord 0.459448 0.443479
  norm -0.050741 -0.748319 0.661396
  color 1.000000 1.000000 1.000000 1.000000
vertex
  pos -2.868132 -1.672136 -8.891426
  texCoord 0.516764 0.508711
  norm -0.306561 -0.673380 0.672740
  color 1.000000 1.000000 1.000000 1.000000
vertex
  pos -1.783410 -0.666916 -7.946815
  texCoord 0.594364 0.464685
  norm -0.179794 -0.676365 0.714286
  color 1.000000 1.000000 1.000000 1.000000
vertex
  pos -2.868132 -1.672136 -8.891426
  texCoord 0.516764 0.508711
  norm -0.306561 -0.673380 0.672740
  color 1.000000 1.000000 1.000000 1.000000
vertex
  pos -3.626836 -0.016504 -7.616814
  texCoord 0.459448 0.443479
  norm -0.050741 -0.748319 0.661396
  color 1.000000 1.000000 1.000000 1.000000
vertex
  pos -4.005717 -0.556144 -8.206837
  texCoord 0.432525 0.480981
  norm -0.338792 -0.871798 0.353821
  color 1.000000 1.000000 1.000000 1.000000
vertex
  pos -4.005717 -0.556144 -8.206837
  texCoord 0.938881 0.079405
  norm -0.338792 -0.871798 0.353821
  color 1.000000 1.000000 1.000000 1.000000
vertex
  pos -3.626836 -0.016504 -7.616814
  texCoord 0.907333 0.073633
  norm -0.050741 -0.748319 0.661396
  color 1.000000 1.000000 1.000000 1.000000
vertex
  pos -4.013283 -0.009605 -7.575851
  texCoord 0.908099 0.081385
  norm 0.064640 -0.806982 0.587028
  color 1.000000 1.000000 1.000000 1.000000
vertex
  pos -6.009398 0.277757 -7.031639
  texCoord 0.892039 0.135633
  norm -0.206842 -0.621835 0.755339
  color 1.000000 1.000000 1.000000 1.000000
vertex
  pos -7.093163 0.423491 -7.245159
  texCoord 0.892893 0.155806
  norm -0.207804 -0.397953 0.893561
  color 1.000000 1.000000 1.000000 1.000000
vertex
  pos -5.264635 -0.345479 -8.248795
  texCoord 0.937349 0.117763
  norm -0.199401 -0.964330 0.174090
  color 1.000000 1.000000 1.000000 1.000000
vertex
  pos -3.677644 -1.373873 -9.640934
  texCoord 0.458941 0.583779
  norm -0.789040 -0.399037 0.467103
  color 1.000000 1.000000 1.000000 1.000000
vertex
  pos -3.982570 -0.191453 -9.145901
  texCoord 0.386084 0.553880
  norm -0.877520 -0.406776 -0.253952
  color 1.000000 1.000000 1.000000 1.000000
vertex
  pos -3.969876 -0.761913 -9.669754
  texCoord 0.412010 0.592342
  norm -0.899945 -0.305597 0.310980
  color 1.000000 1.000000 1.000000 1.000000
vertex
  pos -3.982570 -0.191453 -9.145901
  texCoord 0.386084 0.553880
  norm -0.877520 -0.406776 -0.253952
  color 1.000000 1.000000 1.000000 1.000000
vertex
  pos -3.677644 -1.373873 -9.640934
  texCoord 0.458941 0.583779
  norm -0.789040 -0.399037 0.467103
  color 1.000000 1.000000 1.000000 1.000000
vertex
  pos -3.516822 -1.287492 -9.321659
  texCoord 0.466183 0.548851
  norm -0.771210 -0.569386 0.284666
  color 1.000000 1.000000 1.000000 1.000000
vertex
  pos -1.396107 2.460431 -6.290279
  texCoord 0.535069 0.284211
  norm -0.213710 0.790502 0.573964
  color 1.000000 1.000000 1.000000 1.000000
vertex
  pos 0.078951 2.230010 -5.334085
  texCoord 0.497988 0.213782
  norm -0.000000 0.803326 0.595539
  color 1.000000 1.000000 1.000000 1.000000
vertex
  pos 0.078951 2.291977 -6.114277
  texCoord 0.497804 0.274401
  norm 0.000000 0.986629 0.162983
  color 1.000000 1.000000 1.000000 1.000000
vertex
  pos -3.982570 -0.191453 -9.145901
  texCoord 0.386084 0.553880
  norm -0.877520 -0.406776 -0.253952
  color 1.000000 1.000000 1.000000 1.000000
vertex
  pos -3.516822 -1.287492 -9.321659
  texCoord 0.466183 0.548851
  norm -0.771210 -0.569386 0.284666
  color 1.000000 1.000000 1.000000 1.000000
vertex
  pos -4.005717 -0.556144 -8.206837
  texCoord 0.432525 0.480981
  norm -0.338792 -0.871798 0.353821
  color 1.000000 1.000000 1.000000 1.000000
vertex
  pos -4.021854 1.530665 -10.067287
  texCoord 0.254811 0.603093
  norm -0.891866 0.327232 -0.312240
  color 1.000000 1.000000 1.000000 1.000000
vertex
  pos -4.207655 0.603708 -9.221195
  texCoord 0.297070 0.556786
  norm -0.911282 -0.165910 -0.376882
  color 1.000000 1.000000 1.000000 1.000000
vertex
  pos -4.266918 1.658269 -9.271584
  texCoord 0.253883 0.553703
  norm -0.931185 0.181849 -0.315952
  color 1.000000 1.000000 1.000000 1.000000
vertex
  pos -4.207655 0.603708 -9.221195
  texCoord 0.297070 0.556786
  norm -0.911282 -0.165910 -0.376882
  color 1.000000 1.000000 1.000000 1.000000
vertex
  pos -4.021854 1.530665 -10.067287
  texCoord 0.254811 0.603093
  norm -0.891866 0.327232 -0.312240
  color 1.000000 1.000000 1.000000 1.000000
vertex
  pos -4.078729 0.386794 -9.815723
  texCoord 0.320254 0.596061
  norm -0.986783 -0.113730 -0.115434
  color 1.000000 1.000000 1.000000 1.000000
vertex
  pos -1.355932 0.791014 -6.033360
  texCoord 0.586889 0.267535
  norm -0.913584 -0.367347 0.174417
  color 1.000000 1.000000 1.000000 1.000000
vertex
  pos -1.177732 1.540334 -5.478859
  texCoord 0.525217 0.220489
  norm -0.782600 0.434685 0.445629
  color 1.000000 1.000000 1.000000 1.000000
vertex
  pos -2.056440 1.675724 -6.442104
  texCoord 0.567533 0.287870
  norm -0.374148 -0.122053 0.919302
  color 1.000000 1.000000 1.000000 1.000000
vertex
  pos -0.541432 -0.625324 -4.787521
  texCoord 0.697712 0.288931
  norm -0.412833 -0.883759 -0.220315
  color 1.000000 1.000000 1.000000 1.000000
vertex
  pos -1.114035 -0.411836 -4.441277
  texCoord 0.665588 0.269611
  norm -0.828316 -0.536638 -0.160972
  color 1.000000 1.000000 1.000000 1.000000
vertex
  pos -0.943570 0.015045 -6.741554
  texCoord 0.656282 0.388730
  norm -0.466407 -0.799897 0.377663
  color 1.000000 1.000000 1.000000 1.000000
vertex
  pos -1.155139 1.328161 -4.268215
  texCoord 0.528411 0.160629
  norm -0.798226 0.587929 0.131052
  color 1.000000 1.000000 1.000000 1.000000
vertex
  pos 0.078951 1.919772 -4.133000
  texCoord 0.497657 0.139672
  norm -0.000000 0.964377 -0.264532
  color 1.000000 1.000000 1.000000 1.000000
vertex
  pos 0.078951 2.211191 -5.319857
  texCoord 0.497895 0.212650
  norm -0.000000 0.819968 0.572409
  color 1.000000 1.000000 1.000000 1.000000
vertex
  pos 0.078951 2.211191 -5.319857
  texCoord 0.497895 0.212650
  norm -0.000000 0.819968 0.572409
  color 1.000000 1.000000 1.000000 1.000000
vertex
  pos -1.177732 1.540334 -5.478859
  texCoord 0.525217 0.220489
  norm -0.782600 0.434685 0.445629
  color 1.000000 1.000000 1.000000 1.000000
vertex
  pos -1.155139 1.328161 -4.268215
  texCoord 0.528411 0.160629
  norm -0.798226 0.587929 0.131052
  color 1.000000 1.000000 1.000000 1.000000
vertex
  pos -1.313853 3.053779 -8.566803
  texCoord 0.079731 0.506553
  norm 0.179706 0.978014 0.105807
  color 1.000000 1.000000 1.000000 1.000000
vertex
  pos 0.078951 2.860112 -8.216311
  texCoord 0.006293 0.506529
  norm 0.000000 0.995179 0.098074
  color 1.000000 1.000000 1.000000 1.000000
vertex
  pos 0.078951 2.561413 -10.568395
  texCoord 0.006313 0.622148
  norm 0.000000 0.998330 -0.057765
  color 1.000000 1.000000 1.000000 1.000000
vertex
  pos 0.078951 2.561413 -10.568395
  texCoord 0.006313 0.622148
  norm 0.000000 0.998330 -0.057765
  color 1.000000 1.000000 1.000000 1.000000
vertex
  pos -1.860504 3.208740 -10.636837
  texCoord 0.111951 0.628723
  norm 0.288958 0.957330 -0.004643
  color 1.000000 1.000000 1.000000 1.000000
vertex
  pos -1.313853 3.053779 -8.566803
  texCoord 0.079731 0.506553
  norm 0.179706 0.978014 0.105807
  color 1.000000 1.000000 1.000000 1.000000
vertex
  pos -1.396107 2.460431 -6.290279
  texCoord 0.070526 0.403837
  norm -0.213710 0.790502 0.573964
  color 1.000000 1.000000 1.000000 1.000000
vertex
  pos 0.078951 2.291977 -6.114277
  texCoord 0.003900 0.411012
  norm 0.000000 0.986629 0.162983
  color 1.000000 1.000000 1.000000 1.000000
vertex
  pos 0.078951 2.860112 -8.216311
  texCoord 0.006293 0.506529
  norm 0.000000 0.995179 0.098074
  color 1.000000 1.000000 1.000000 1.000000
vertex
  pos 0.078951 2.860112 -8.216311
  texCoord 0.006293 0.506529
  norm 0.000000 0.995179 0.098074
  color 1.000000 1.000000 1.000000 1.000000
vertex
  pos -1.313853 3.053779 -8.566803
  texCoord 0.079731 0.506553
  norm 0.179706 0.978014 0.105807
  color 1.000000 1.000000 1.000000 1.000000
vertex
  pos -1.396107 2.460431 -6.290279
  texCoord 0.070526 0.403837
  norm -0.213710 0.790502 0.573964
  color 1.000000 1.000000 1.000000 1.000000
m_IDtriList.size 152
IDtri 0 1 2
IDtri 3 4 5
IDtri 6 7 8
IDtri 9 10 11
IDtri 12 13 14
IDtri 15 16 17
IDtri 18 19 20
IDtri 21 22 23
IDtri 24 25 26
IDtri 27 28 29
IDtri 30 31 32
IDtri 33 34 35
IDtri 36 37 38
IDtri 39 40 41
IDtri 42 43 44
IDtri 45 46 47
IDtri 48 49 50
IDtri 51 52 53
IDtri 54 55 56
IDtri 57 58 59
IDtri 60 61 62
IDtri 63 64 65
IDtri 66 67 68
IDtri 69 70 71
IDtri 72 73 74
IDtri 75 76 77
IDtri 78 79 80
IDtri 81 82 83
IDtri 84 85 86
IDtri 87 88 89
IDtri 90 91 92
IDtri 93 94 95
IDtri 96 97 98
IDtri 99 100 101
IDtri 102 103 104
IDtri 105 106 107
IDtri 108 109 110
IDtri 111 112 113
IDtri 114 115 116
IDtri 117 118 119
IDtri 120 121 122
IDtri 123 124 125
IDtri 126 127 128
IDtri 129 130 131
IDtri 132 133 134
IDtri 135 136 137
IDtri 138 139 140
IDtri 141 142 143
IDtri 144 145 146
IDtri 147 148 149
IDtri 150 151 152
IDtri 153 154 155
IDtri 156 157 158
IDtri 159 160 161
IDtri 162 163 164
IDtri 165 166 167
IDtri 168 169 170
IDtri 171 172 173
IDtri 174 175 176
IDtri 177 178 179
IDtri 180 181 182
IDtri 183 184 185
IDtri 186 187 188
IDtri 189 190 191
IDtri 192 193 194
IDtri 195 196 197
IDtri 198 199 200
IDtri 201 202 203
IDtri 204 205 206
IDtri 207 208 209
IDtri 210 211 212
IDtri 213 214 215
IDtri 216 217 218
IDtri 219 220 221
IDtri 222 223 224
IDtri 225 226 227
IDtri 228 229 230
IDtri 231 232 233
IDtri 234 235 236
IDtri 237 238 239
IDtri 240 241 242
IDtri 243 244 245
IDtri 246 247 248
IDtri 249 250 251
IDtri 252 253 254
IDtri 255 256 257
IDtri 258 259 260
IDtri 261 262 263
IDtri 264 265 266
IDtri 267 268 269
IDtri 270 271 272
IDtri 273 274 275
IDtri 276 277 278
IDtri 279 280 281
IDtri 282 283 284
IDtri 285 286 287
IDtri 288 289 290
IDtri 291 292 293
IDtri 294 295 296
IDtri 297 298 299
IDtri 300 301 302
IDtri 303 304 305
IDtri 306 307 308
IDtri 309 310 311
IDtri 312 313 314
IDtri 315 316 317
IDtri 318 319 320
IDtri 321 322 323
IDtri 324 325 326
IDtri 327 328 329
IDtri 330 331 332
IDtri 333 334 335
IDtri 336 337 338
IDtri 339 340 341
IDtri 342 343 344
IDtri 345 346 347
IDtri 348 349 350
IDtri 351 352 353
IDtri 354 355 356
IDtri 357 358 359
IDtri 360 361 362
IDtri 363 364 365
IDtri 366 367 368
IDtri 369 370 371
IDtri 372 373 374
IDtri 375 376 377
IDtri 378 379 380
IDtri 381 382 383
IDtri 384 385 386
IDtri 387 388 389
IDtri 390 391 392
IDtri 393 394 395
IDtri 396 397 398
IDtri 399 400 401
IDtri 402 403 404
IDtri 405 406 407
IDtri 408 409 410
IDtri 411 412 413
IDtri 414 415 416
IDtri 417 418 419
IDtri 420 421 422
IDtri 423 424 425
IDtri 426 427 428
IDtri 429 430 431
IDtri 432 433 434
IDtri 435 436 437
IDtri 438 439 440
IDtri 441 442 443
IDtri 444 445 446
IDtri 447 448 449
IDtri 450 451 452
IDtri 453 454 455
