m_aniFrameList.size 17
aniFrame
  m_time 0.000000
  m_vertexTransformMat -0.141032 0.000083 0.000251 0.000000 0.000251 -0.000425 0.141031 0.000000 0.000079 0.133705 0.000403 0.000000 32.247509 -0.941437 0.258030 1.000000
aniFrame
  m_time 0.100000
  m_vertexTransformMat -0.141032 0.000083 0.000251 0.000000 0.000251 -0.000425 0.141031 0.000000 0.000079 0.133705 0.000403 0.000000 25.525267 -0.941437 0.258030 1.000000
aniFrame
  m_time 0.200000
  m_vertexTransformMat -0.141032 0.000083 0.000251 0.000000 0.000251 -0.000425 0.141031 0.000000 0.000079 0.133705 0.000403 0.000000 16.115086 -0.941437 0.258030 1.000000
aniFrame
  m_time 0.300000
  m_vertexTransformMat -0.141032 0.000083 0.000251 0.000000 0.000251 -0.000425 0.141031 0.000000 0.000079 0.133705 0.000403 0.000000 15.168699 -0.941437 0.258030 1.000000
aniFrame
  m_time 0.400000
  m_vertexTransformMat -0.141032 0.000083 0.000251 0.000000 0.000251 -0.000425 0.141031 0.000000 0.000079 0.133705 0.000403 0.000000 15.168699 -0.941437 0.258030 1.000000
aniFrame
  m_time 0.500000
  m_vertexTransformMat -0.141032 0.000083 0.000251 0.000000 0.000251 -0.000425 0.141031 0.000000 0.000079 0.133705 0.000403 0.000000 15.168699 -0.941437 0.258030 1.000000
aniFrame
  m_time 0.600000
  m_vertexTransformMat -0.141032 0.000083 0.000251 0.000000 0.000251 -0.000425 0.141031 0.000000 0.000079 0.133705 0.000403 0.000000 15.168699 -0.941437 0.258030 1.000000
aniFrame
  m_time 0.700000
  m_vertexTransformMat -0.141032 0.000083 0.000251 0.000000 0.000251 -0.000425 0.141031 0.000000 0.000079 0.133705 0.000403 0.000000 15.168699 -0.941437 0.258030 1.000000
aniFrame
  m_time 0.800000
  m_vertexTransformMat -0.141032 0.000083 0.000251 0.000000 0.000251 -0.000425 0.141031 0.000000 0.000079 0.133705 0.000403 0.000000 15.168699 -0.941437 0.258030 1.000000
aniFrame
  m_time 0.900000
  m_vertexTransformMat -0.141032 0.000083 0.000251 0.000000 0.000251 -0.000425 0.141031 0.000000 0.000079 0.133705 0.000403 0.000000 15.168699 -0.941437 0.258030 1.000000
aniFrame
  m_time 1.000000
  m_vertexTransformMat -0.141032 0.000083 0.000251 0.000000 0.000251 -0.000425 0.141031 0.000000 0.000079 0.133705 0.000403 0.000000 15.168699 -0.941437 0.258030 1.000000
aniFrame
  m_time 1.100000
  m_vertexTransformMat -0.141032 0.000083 0.000251 0.000000 0.000251 -0.000425 0.141031 0.000000 0.000079 0.133705 0.000403 0.000000 15.168699 -0.941437 0.258030 1.000000
aniFrame
  m_time 1.200000
  m_vertexTransformMat -0.141032 0.000083 0.000251 0.000000 0.000251 -0.000425 0.141031 0.000000 0.000079 0.133705 0.000403 0.000000 15.168699 -0.941437 0.258030 1.000000
aniFrame
  m_time 1.300000
  m_vertexTransformMat -0.141032 0.000083 0.000251 0.000000 0.000251 -0.000425 0.141031 0.000000 0.000079 0.133705 0.000403 0.000000 15.168699 -0.941437 0.258030 1.000000
aniFrame
  m_time 1.400000
  m_vertexTransformMat -0.141032 0.000083 0.000251 0.000000 0.000251 -0.000425 0.141031 0.000000 0.000079 0.133705 0.000403 0.000000 15.168699 -0.941437 0.258030 1.000000
aniFrame
  m_time 1.500000
  m_vertexTransformMat -0.141032 0.000083 0.000251 0.000000 0.000251 -0.000425 0.141031 0.000000 0.000079 0.133705 0.000403 0.000000 15.168699 -0.941437 0.258030 1.000000
aniFrame
  m_time 1.533000
  m_vertexTransformMat -0.141032 0.000083 0.000251 0.000000 0.000251 -0.000425 0.141031 0.000000 0.000079 0.133705 0.000403 0.000000 15.168699 -0.941437 0.258030 1.000000
