m_aniFrameList.size 17
aniFrame
  m_time 0.000000
  m_vertexTransformMat 1.160849 0.000006 -0.001930 0.000000 0.000005 1.160857 0.000955 0.000000 -0.001735 0.000858 0.861444 0.000000 196.188187 -1.109910 30.266399 1.000000
aniFrame
  m_time 0.100000
  m_vertexTransformMat 1.300191 0.000010 -0.003391 0.000000 0.000010 1.300205 0.001677 0.000000 -0.003048 0.001507 0.774210 0.000000 148.552216 -1.188709 27.663094 1.000000
aniFrame
  m_time 0.200000
  m_vertexTransformMat 1.375890 0.000012 -0.004185 0.000000 0.000012 1.375908 0.002070 0.000000 -0.003761 0.001860 0.726820 0.000000 81.844139 -1.158988 26.274303 1.000000
aniFrame
  m_time 0.300000
  m_vertexTransformMat 1.205772 0.182880 -0.002138 0.000000 -0.182869 1.205798 0.002351 0.000000 -0.002187 -0.000076 0.862527 0.000000 75.338112 -0.892421 30.372723 1.000000
aniFrame
  m_time 0.400000
  m_vertexTransformMat 0.797580 0.363440 0.002419 0.000000 -0.363470 0.797609 0.001685 0.000000 0.002174 -0.003092 1.140917 0.000000 75.506927 -0.358685 38.773403 1.000000
aniFrame
  m_time 0.500000
  m_vertexTransformMat 1.107938 0.168046 -0.001217 0.000000 -0.168041 1.107957 0.001769 0.000000 -0.001181 -0.000432 0.918682 0.000000 75.301033 -0.781879 32.067822 1.000000
aniFrame
  m_time 0.600000
  m_vertexTransformMat 1.218347 0.000010 -0.002764 0.000000 0.000004 1.218335 0.001255 0.000000 -0.002141 0.001127 0.824971 0.000000 75.105415 -0.962180 29.240988 1.000000
aniFrame
  m_time 0.700000
  m_vertexTransformMat 1.030010 0.000006 -0.001098 0.000000 -0.000004 1.029877 0.000190 0.000000 0.000265 0.000168 0.970866 0.000000 75.085716 -0.743540 33.644070 1.000000
aniFrame
  m_time 0.800000
  m_vertexTransformMat 1.095430 0.000006 -0.001537 0.000000 0.000001 1.095367 0.000572 0.000000 -0.000752 0.000513 0.916155 0.000000 75.087082 -0.819163 31.993021 1.000000
aniFrame
  m_time 0.900000
  m_vertexTransformMat 1.160849 0.000006 -0.001930 0.000000 0.000005 1.160857 0.000955 0.000000 -0.001735 0.000858 0.861444 0.000000 75.089485 -0.894788 30.341976 1.000000
aniFrame
  m_time 1.000000
  m_vertexTransformMat 1.160849 0.000006 -0.001930 0.000000 0.000005 1.160857 0.000955 0.000000 -0.001735 0.000858 0.861444 0.000000 75.089485 -0.894788 30.341976 1.000000
aniFrame
  m_time 1.100000
  m_vertexTransformMat 1.160849 0.000006 -0.001930 0.000000 0.000005 1.160857 0.000955 0.000000 -0.001735 0.000858 0.861444 0.000000 75.089485 -0.894788 30.341976 1.000000
aniFrame
  m_time 1.200000
  m_vertexTransformMat 1.160849 0.000006 -0.001930 0.000000 0.000005 1.160857 0.000955 0.000000 -0.001735 0.000858 0.861444 0.000000 75.089485 -0.894788 30.341976 1.000000
aniFrame
  m_time 1.300000
  m_vertexTransformMat 1.160849 0.000006 -0.001930 0.000000 0.000005 1.160857 0.000955 0.000000 -0.001735 0.000858 0.861444 0.000000 75.089485 -0.894788 30.341976 1.000000
aniFrame
  m_time 1.400000
  m_vertexTransformMat 1.160849 0.000006 -0.001930 0.000000 0.000005 1.160857 0.000955 0.000000 -0.001735 0.000858 0.861444 0.000000 75.089485 -0.894788 30.341976 1.000000
aniFrame
  m_time 1.500000
  m_vertexTransformMat 1.160849 0.000006 -0.001930 0.000000 0.000005 1.160857 0.000955 0.000000 -0.001735 0.000858 0.861444 0.000000 75.089485 -0.894788 30.341976 1.000000
aniFrame
  m_time 1.533000
  m_vertexTransformMat 1.160849 0.000006 -0.001930 0.000000 0.000005 1.160857 0.000955 0.000000 -0.001735 0.000858 0.861444 0.000000 75.089485 -0.894788 30.341976 1.000000
