 17
 0.000000
 1.188892 0.000000 0.000000 0.000000 0.000000 0.000000 -0.834930 0.000000 0.000000 1.000000 0.000000 0.000000 -0.076958 0.000000 -0.345226 1.000000
 0.100000
 1.188892 0.000000 0.000000 0.000000 0.000000 0.000000 -0.834930 0.000000 0.000000 1.000000 0.000000 0.000000 -0.076958 0.000000 -0.345226 1.000000
 0.200000
 1.188892 0.000000 0.000000 0.000000 0.000000 0.000000 -0.834930 0.000000 0.000000 1.000000 0.000000 0.000000 -0.076958 0.000000 -0.345226 1.000000
 0.300000
 1.188892 0.000000 0.000000 0.000000 0.000000 0.000000 -0.834930 0.000000 0.000000 1.000000 0.000000 0.000000 -0.076958 0.000000 -0.345226 1.000000
 0.400000
 1.188892 0.000000 0.000000 0.000000 0.000000 0.000000 -0.834930 0.000000 0.000000 1.000000 0.000000 0.000000 -0.076958 0.000000 -0.345226 1.000000
 0.500000
 1.188892 0.000000 0.000000 0.000000 0.000000 0.000000 -0.834930 0.000000 0.000000 1.000000 0.000000 0.000000 -0.076958 0.000000 -0.345226 1.000000
 0.600000
 1.188892 0.000000 0.000000 0.000000 0.000000 0.000000 -0.834930 0.000000 0.000000 1.000000 0.000000 0.000000 -0.076958 0.000000 -0.345226 1.000000
 0.700000
 1.188892 0.000000 0.000000 0.000000 0.000000 0.000000 -0.834930 0.000000 0.000000 1.000000 0.000000 0.000000 -0.076958 0.000000 -0.345226 1.000000
 0.800000
 1.188892 0.000000 0.000000 0.000000 0.000000 0.000000 -0.834930 0.000000 0.000000 1.000000 0.000000 0.000000 -0.076958 0.000000 -0.345226 1.000000
 0.900000
 1.188892 0.000000 0.000000 0.000000 0.000000 0.000000 -0.834930 0.000000 0.000000 1.000000 0.000000 0.000000 -0.076958 0.000000 -0.345226 1.000000
 1.000000
 1.188892 0.000000 0.000000 0.000000 0.000000 0.000000 -0.834930 0.000000 0.000000 1.000000 0.000000 0.000000 -0.076958 0.000000 -0.345226 1.000000
 1.100000
 1.188892 0.000000 0.000000 0.000000 0.000000 0.000000 -0.834930 0.000000 0.000000 1.000000 0.000000 0.000000 -0.076958 0.000000 -0.345226 1.000000
 1.200000
 1.188892 0.000000 0.000000 0.000000 0.000000 0.000000 -0.834930 0.000000 0.000000 1.000000 0.000000 0.000000 -0.076958 0.000000 -0.345226 1.000000
 1.300000
 1.188892 0.000000 0.000000 0.000000 0.000000 0.000000 -0.834930 0.000000 0.000000 1.000000 0.000000 0.000000 -0.076958 0.000000 -0.345226 1.000000
 1.400000
 1.188892 0.000000 0.000000 0.000000 0.000000 0.000000 -0.834930 0.000000 0.000000 1.000000 0.000000 0.000000 -0.076958 0.000000 -0.345226 1.000000
 1.500000
 1.188892 0.000000 0.000000 0.000000 0.000000 0.000000 -0.834930 0.000000 0.000000 1.000000 0.000000 0.000000 -0.076958 0.000000 -0.345226 1.000000
 1.533000
 1.188892 0.000000 0.000000 0.000000 0.000000 0.000000 -0.834930 0.000000 0.000000 1.000000 0.000000 0.000000 -0.076958 0.000000 -0.345226 1.000000
