m_aniFrameList.size 34
aniFrame
  m_time -1.066000
  m_vertexTransformMat 1.000000 0.000000 0.000000 0.000000 0.000000 0.000000 -1.000000 0.000000 0.000000 1.000000 0.000000 0.000000 -0.078951 55.766472 -0.409808 1.000000
aniFrame
  m_time -0.966000
  m_vertexTransformMat 1.000000 0.000000 0.000000 0.000000 0.000000 0.000000 -1.000000 0.000000 0.000000 1.000000 0.000000 0.000000 -0.078951 55.766472 -0.409808 1.000000
aniFrame
  m_time -0.866000
  m_vertexTransformMat 1.000000 0.000000 0.000000 0.000000 0.000000 0.000000 -1.000000 0.000000 0.000000 1.000000 0.000000 0.000000 -0.078951 55.766472 -0.409808 1.000000
aniFrame
  m_time -0.766000
  m_vertexTransformMat 1.000000 0.000000 0.000000 0.000000 0.000000 0.000000 -1.000000 0.000000 0.000000 1.000000 0.000000 0.000000 -0.078951 55.766472 -0.409808 1.000000
aniFrame
  m_time -0.666000
  m_vertexTransformMat 1.000000 0.000000 0.000000 0.000000 0.000000 0.000000 -1.000000 0.000000 0.000000 1.000000 0.000000 0.000000 -0.078951 55.766472 -0.409808 1.000000
aniFrame
  m_time -0.566000
  m_vertexTransformMat 1.000000 0.000000 0.000000 0.000000 0.000000 0.000000 -1.000000 0.000000 0.000000 1.000000 0.000000 0.000000 -0.078951 55.766472 -0.409808 1.000000
aniFrame
  m_time -0.466000
  m_vertexTransformMat 1.000000 0.000000 0.000000 0.000000 0.000000 0.000000 -1.000000 0.000000 0.000000 1.000000 0.000000 0.000000 -0.078951 55.766472 -0.409808 1.000000
aniFrame
  m_time -0.366000
  m_vertexTransformMat 1.000000 0.000000 0.000000 0.000000 0.000000 0.000000 -1.000000 0.000000 0.000000 1.000000 0.000000 0.000000 -0.078951 55.766472 -0.409808 1.000000
aniFrame
  m_time -0.266000
  m_vertexTransformMat 1.000000 0.000000 0.000000 0.000000 0.000000 0.000000 -1.000000 0.000000 0.000000 1.000000 0.000000 0.000000 -0.078951 55.766472 -0.409808 1.000000
aniFrame
  m_time -0.166000
  m_vertexTransformMat 1.000000 0.000000 0.000000 0.000000 0.000000 0.000000 -1.000000 0.000000 0.000000 1.000000 0.000000 0.000000 -0.078951 55.766472 -0.409808 1.000000
aniFrame
  m_time -0.066000
  m_vertexTransformMat 1.000000 0.000000 0.000000 0.000000 0.000000 0.000000 -1.000000 0.000000 0.000000 1.000000 0.000000 0.000000 -0.078951 55.766472 -0.409808 1.000000
aniFrame
  m_time 0.033000
  m_vertexTransformMat 1.000000 0.000000 0.000000 0.000000 0.000000 0.000000 -1.000000 0.000000 0.000000 1.000000 0.000000 0.000000 -0.078951 55.766472 -0.409808 1.000000
aniFrame
  m_time 0.133000
  m_vertexTransformMat 1.000000 0.000000 0.000000 0.000000 0.000000 0.000000 -1.000000 0.000000 0.000000 1.000000 0.000000 0.000000 -0.078951 55.766472 -0.409808 1.000000
aniFrame
  m_time 0.233000
  m_vertexTransformMat 1.000000 0.000000 0.000000 0.000000 0.000000 0.000000 -1.000000 0.000000 0.000000 1.000000 0.000000 0.000000 -0.078951 55.766472 -0.409808 1.000000
aniFrame
  m_time 0.333000
  m_vertexTransformMat 1.000000 0.000000 0.000000 0.000000 0.000000 0.000000 -1.000000 0.000000 0.000000 1.000000 0.000000 0.000000 -0.078951 55.766472 -0.409808 1.000000
aniFrame
  m_time 0.433000
  m_vertexTransformMat 1.000000 0.000000 0.000000 0.000000 0.000000 0.000000 -1.000000 0.000000 0.000000 1.000000 0.000000 0.000000 -0.078951 55.766472 -0.409808 1.000000
aniFrame
  m_time 0.533000
  m_vertexTransformMat 1.000000 0.000000 0.000000 0.000000 0.000000 0.000000 -1.000000 0.000000 0.000000 1.000000 0.000000 0.000000 -0.078951 55.766472 -0.409808 1.000000
aniFrame
  m_time 0.633000
  m_vertexTransformMat 1.000000 0.000000 0.000000 0.000000 0.000000 0.000000 -1.000000 0.000000 0.000000 1.000000 0.000000 0.000000 -0.078951 55.766472 -0.409808 1.000000
aniFrame
  m_time 0.733000
  m_vertexTransformMat 1.000000 0.000000 0.000000 0.000000 0.000000 0.000000 -1.000000 0.000000 0.000000 1.000000 0.000000 0.000000 -0.078951 55.766472 -0.409808 1.000000
aniFrame
  m_time 0.833000
  m_vertexTransformMat 1.000000 0.000000 0.000000 0.000000 0.000000 0.000000 -1.000000 0.000000 0.000000 1.000000 0.000000 0.000000 -0.078951 55.766472 -0.409808 1.000000
aniFrame
  m_time 0.933000
  m_vertexTransformMat 1.000000 0.000000 0.000000 0.000000 0.000000 0.000000 -1.000000 0.000000 0.000000 1.000000 0.000000 0.000000 -0.078951 55.766472 -0.409808 1.000000
aniFrame
  m_time 1.033000
  m_vertexTransformMat 1.000000 0.000000 0.000000 0.000000 0.000000 0.000000 -1.000000 0.000000 0.000000 1.000000 0.000000 0.000000 -0.078951 55.766472 -0.409808 1.000000
aniFrame
  m_time 1.133000
  m_vertexTransformMat 1.000000 0.000000 0.000000 0.000000 0.000000 0.000000 -1.000000 0.000000 0.000000 1.000000 0.000000 0.000000 -0.078951 55.766472 -0.409808 1.000000
aniFrame
  m_time 1.233000
  m_vertexTransformMat 1.000000 0.000000 0.000000 0.000000 0.000000 0.000000 -1.000000 0.000000 0.000000 1.000000 0.000000 0.000000 -0.078951 55.766472 -0.409808 1.000000
aniFrame
  m_time 1.333000
  m_vertexTransformMat 1.000000 0.000000 0.000000 0.000000 0.000000 0.000000 -1.000000 0.000000 0.000000 1.000000 0.000000 0.000000 -0.078951 55.766472 -0.409808 1.000000
aniFrame
  m_time 1.433000
  m_vertexTransformMat 1.000000 0.000000 0.000000 0.000000 0.000000 0.000000 -1.000000 0.000000 0.000000 1.000000 0.000000 0.000000 -0.078951 55.766472 -0.409808 1.000000
aniFrame
  m_time 1.533000
  m_vertexTransformMat 1.000000 0.000000 0.000000 0.000000 0.000000 0.000000 -1.000000 0.000000 0.000000 1.000000 0.000000 0.000000 -0.078951 55.766472 -0.409808 1.000000
aniFrame
  m_time 1.633000
  m_vertexTransformMat 1.000000 0.000000 0.000000 0.000000 0.000000 0.000000 -1.000000 0.000000 0.000000 1.000000 0.000000 0.000000 -0.078951 55.766472 -0.409808 1.000000
aniFrame
  m_time 1.733000
  m_vertexTransformMat 1.000000 0.000000 0.000000 0.000000 0.000000 0.000000 -1.000000 0.000000 0.000000 1.000000 0.000000 0.000000 -0.078951 55.766472 -0.409808 1.000000
aniFrame
  m_time 1.833000
  m_vertexTransformMat 1.000000 0.000000 0.000000 0.000000 0.000000 0.000000 -1.000000 0.000000 0.000000 1.000000 0.000000 0.000000 -0.078951 55.766472 -0.409808 1.000000
aniFrame
  m_time 1.933000
  m_vertexTransformMat 1.000000 0.000000 0.000000 0.000000 0.000000 0.000000 -1.000000 0.000000 0.000000 1.000000 0.000000 0.000000 -0.078951 55.766472 -0.409808 1.000000
aniFrame
  m_time 2.033000
  m_vertexTransformMat 1.000000 0.000000 0.000000 0.000000 0.000000 0.000000 -1.000000 0.000000 0.000000 1.000000 0.000000 0.000000 -0.078951 55.766472 -0.409808 1.000000
aniFrame
  m_time 2.133000
  m_vertexTransformMat 1.000000 0.000000 0.000000 0.000000 0.000000 0.000000 -1.000000 0.000000 0.000000 1.000000 0.000000 0.000000 -0.078951 55.766472 -0.409808 1.000000
aniFrame
  m_time 2.133000
  m_vertexTransformMat 1.000000 0.000000 0.000000 0.000000 0.000000 0.000000 -1.000000 0.000000 0.000000 1.000000 0.000000 0.000000 -0.078951 55.766472 -0.409808 1.000000
