 552
 5.826709 -0.555318 -25.418839
 0.413945 0.318926
 0.988545 -0.110742 0.102548
 1.000000 1.000000 1.000000 1.000000
 5.240018 2.144440 -25.822908
 0.544959 0.339847
 0.769067 0.619381 0.157808
 1.000000 1.000000 1.000000 1.000000
 5.010841 1.950692 -24.175997
 0.539524 0.256515
 0.834634 0.541336 0.101698
 1.000000 1.000000 1.000000 1.000000
 5.010841 1.950692 -24.175997
 0.539524 0.256515
 0.834634 0.541336 0.101698
 1.000000 1.000000 1.000000 1.000000
 5.404995 -0.653713 -22.106468
 0.413946 0.172206
 0.956830 -0.174947 0.232100
 1.000000 1.000000 1.000000 1.000000
 5.826709 -0.555318 -25.418839
 0.413945 0.318926
 0.988545 -0.110742 0.102548
 1.000000 1.000000 1.000000 1.000000
 4.995992 -3.023990 -28.100157
 0.287070 0.856473
 0.624805 -0.775439 0.091175
 1.000000 1.000000 1.000000 1.000000
 4.693574 -2.971776 -25.895981
 0.295873 0.766552
 0.579604 -0.808415 0.102587
 1.000000 1.000000 1.000000 1.000000
 2.200097 -3.333346 -26.280500
 0.184963 0.769132
 -0.354033 -0.935155 -0.012086
 1.000000 1.000000 1.000000 1.000000
 2.200097 -3.333346 -26.280500
 0.184963 0.769132
 -0.354033 -0.935155 -0.012086
 1.000000 1.000000 1.000000 1.000000
 2.191924 -3.296486 -28.138124
 0.176819 0.858711
 -0.447875 -0.892882 -0.046581
 1.000000 1.000000 1.000000 1.000000
 4.995992 -3.023990 -28.100157
 0.287070 0.856473
 0.624805 -0.775439 0.091175
 1.000000 1.000000 1.000000 1.000000
 4.693574 -2.971776 -25.895981
 0.295873 0.766552
 0.579604 -0.808415 0.102587
 1.000000 1.000000 1.000000 1.000000
 4.995992 -3.023990 -28.100157
 0.287070 0.856473
 0.624805 -0.775439 0.091175
 1.000000 1.000000 1.000000 1.000000
 6.040506 -0.354874 -28.017771
 0.413945 0.861612
 0.992203 -0.077439 0.097656
 1.000000 1.000000 1.000000 1.000000
 6.040506 -0.354874 -28.017771
 0.413945 0.861612
 0.992203 -0.077439 0.097656
 1.000000 1.000000 1.000000 1.000000
 5.826709 -0.555318 -25.418839
 0.413945 0.752952
 0.988545 -0.110742 0.102548
 1.000000 1.000000 1.000000 1.000000
 4.693574 -2.971776 -25.895981
 0.295873 0.766552
 0.579604 -0.808415 0.102587
 1.000000 1.000000 1.000000 1.000000
 3.306882 3.061764 -26.004295
 0.651782 0.341628
 0.035950 0.999232 -0.015561
 1.000000 1.000000 1.000000 1.000000
 3.433230 3.141851 -24.987780
 0.644477 0.282317
 0.305322 0.915657 -0.261439
 1.000000 1.000000 1.000000 1.000000
 5.010841 1.950692 -24.175997
 0.539524 0.256515
 0.834634 0.541336 0.101698
 1.000000 1.000000 1.000000 1.000000
 5.010841 1.950692 -24.175997
 0.539524 0.256515
 0.834634 0.541336 0.101698
 1.000000 1.000000 1.000000 1.000000
 5.240018 2.144440 -25.822908
 0.544959 0.339847
 0.769067 0.619381 0.157808
 1.000000 1.000000 1.000000 1.000000
 3.306882 3.061764 -26.004295
 0.651782 0.341628
 0.035950 0.999232 -0.015561
 1.000000 1.000000 1.000000 1.000000
 0.468483 -0.003266 -26.065481
 0.870314 0.364930
 -0.969857 0.123680 -0.209952
 1.000000 1.000000 1.000000 1.000000
 0.295148 -0.112039 -25.479162
 0.878382 0.334624
 -0.767876 -0.026164 -0.640064
 1.000000 1.000000 1.000000 1.000000
 1.772104 2.417984 -25.313419
 0.742233 0.299573
 -0.473515 0.740249 -0.477299
 1.000000 1.000000 1.000000 1.000000
 1.772104 2.417984 -25.313419
 0.742233 0.299573
 -0.473515 0.740249 -0.477299
 1.000000 1.000000 1.000000 1.000000
 1.892501 2.570692 -26.199110
 0.727276 0.352688
 -0.640584 0.767787 -0.012453
 1.000000 1.000000 1.000000 1.000000
 0.468483 -0.003266 -26.065481
 0.870314 0.364930
 -0.969857 0.123680 -0.209952
 1.000000 1.000000 1.000000 1.000000
 3.433230 3.141851 -24.987780
 0.644477 0.282317
 0.305322 0.915657 -0.261439
 1.000000 1.000000 1.000000 1.000000
 1.772104 2.417984 -25.313419
 0.742233 0.299573
 -0.473515 0.740249 -0.477299
 1.000000 1.000000 1.000000 1.000000
 1.736206 3.966342 -23.881775
 0.711950 0.211809
 0.017773 0.943264 -0.331569
 1.000000 1.000000 1.000000 1.000000
 1.736206 3.966342 -23.881775
 0.711950 0.211809
 0.017773 0.943264 -0.331569
 1.000000 1.000000 1.000000 1.000000
 3.631001 3.280977 -23.789150
 0.627166 0.225677
 0.550965 0.833003 -0.050439
 1.000000 1.000000 1.000000 1.000000
 3.433230 3.141851 -24.987780
 0.644477 0.282317
 0.305322 0.915657 -0.261439
 1.000000 1.000000 1.000000 1.000000
 3.306882 3.061764 -26.004295
 0.651782 0.341628
 0.035950 0.999232 -0.015561
 1.000000 1.000000 1.000000 1.000000
 5.240018 2.144440 -25.822908
 0.544959 0.339847
 0.769067 0.619381 0.157808
 1.000000 1.000000 1.000000 1.000000
 5.431361 2.446391 -28.145916
 0.549446 0.444671
 0.708073 0.704644 0.045932
 1.000000 1.000000 1.000000 1.000000
 5.431361 2.446391 -28.145916
 0.549446 0.444671
 0.708073 0.704644 0.045932
 1.000000 1.000000 1.000000 1.000000
 2.306630 2.711543 -28.067713
 0.690140 0.461145
 -0.458686 0.875337 -0.152944
 1.000000 1.000000 1.000000 1.000000
 3.306882 3.061764 -26.004295
 0.651782 0.341628
 0.035950 0.999232 -0.015561
 1.000000 1.000000 1.000000 1.000000
 1.045054 -1.680308 -26.352287
 0.094371 0.765112
 -0.898006 -0.406918 -0.167341
 1.000000 1.000000 1.000000 1.000000
 0.911682 -1.007958 -28.186705
 0.062787 0.870093
 -0.983168 -0.182645 0.004539
 1.000000 1.000000 1.000000 1.000000
 2.191924 -3.296486 -28.138124
 0.176819 0.858711
 -0.447875 -0.892882 -0.046581
 1.000000 1.000000 1.000000 1.000000
 2.191924 -3.296486 -28.138124
 0.176819 0.858711
 -0.447875 -0.892882 -0.046581
 1.000000 1.000000 1.000000 1.000000
 2.200097 -3.333346 -26.280500
 0.184963 0.769132
 -0.354033 -0.935155 -0.012086
 1.000000 1.000000 1.000000 1.000000
 1.045054 -1.680308 -26.352287
 0.094371 0.765112
 -0.898006 -0.406918 -0.167341
 1.000000 1.000000 1.000000 1.000000
 6.040506 -0.354874 -28.017771
 0.413945 0.427585
 0.992203 -0.077439 0.097656
 1.000000 1.000000 1.000000 1.000000
 5.431361 2.446391 -28.145916
 0.549446 0.444671
 0.708073 0.704644 0.045932
 1.000000 1.000000 1.000000 1.000000
 5.240018 2.144440 -25.822908
 0.544959 0.339847
 0.769067 0.619381 0.157808
 1.000000 1.000000 1.000000 1.000000
 5.240018 2.144440 -25.822908
 0.544959 0.339847
 0.769067 0.619381 0.157808
 1.000000 1.000000 1.000000 1.000000
 5.826709 -0.555318 -25.418839
 0.413945 0.318926
 0.988545 -0.110742 0.102548
 1.000000 1.000000 1.000000 1.000000
 6.040506 -0.354874 -28.017771
 0.413945 0.427585
 0.992203 -0.077439 0.097656
 1.000000 1.000000 1.000000 1.000000
 1.772104 2.417984 -25.313419
 0.742233 0.299573
 -0.473515 0.740249 -0.477299
 1.000000 1.000000 1.000000 1.000000
 3.433230 3.141851 -24.987780
 0.644477 0.282317
 0.305322 0.915657 -0.261439
 1.000000 1.000000 1.000000 1.000000
 3.306882 3.061764 -26.004295
 0.651782 0.341628
 0.035950 0.999232 -0.015561
 1.000000 1.000000 1.000000 1.000000
 3.306882 3.061764 -26.004295
 0.651782 0.341628
 0.035950 0.999232 -0.015561
 1.000000 1.000000 1.000000 1.000000
 1.892501 2.570692 -26.199110
 0.727276 0.352688
 -0.640584 0.767787 -0.012453
 1.000000 1.000000 1.000000 1.000000
 1.772104 2.417984 -25.313419
 0.742233 0.299573
 -0.473515 0.740249 -0.477299
 1.000000 1.000000 1.000000 1.000000
 0.078951 3.765092 -23.834488
 0.771982 0.193517
 0.000000 0.901300 -0.433196
 1.000000 1.000000 1.000000 1.000000
 0.078951 3.612383 -21.262035
 0.771982 0.105469
 0.000000 0.956558 0.291541
 1.000000 1.000000 1.000000 1.000000
 1.647000 3.769968 -21.269753
 0.702518 0.110880
 0.062038 0.967945 0.243380
 1.000000 1.000000 1.000000 1.000000
 1.647000 3.769968 -21.269753
 0.702518 0.110880
 0.062038 0.967945 0.243380
 1.000000 1.000000 1.000000 1.000000
 1.736206 3.966342 -23.881775
 0.711950 0.211809
 0.017773 0.943264 -0.331569
 1.000000 1.000000 1.000000 1.000000
 0.078951 3.765092 -23.834488
 0.771982 0.193517
 0.000000 0.901300 -0.433196
 1.000000 1.000000 1.000000 1.000000
 0.936821 0.093727 -28.175756
 0.012646 0.873504
 -0.988287 -0.051048 -0.143812
 1.000000 1.000000 1.000000 1.000000
 0.911682 -1.007958 -28.186705
 0.062787 0.870093
 -0.983168 -0.182645 0.004539
 1.000000 1.000000 1.000000 1.000000
 1.045054 -1.680308 -26.352287
 0.094371 0.765112
 -0.898006 -0.406918 -0.167341
 1.000000 1.000000 1.000000 1.000000
 1.045054 -1.680308 -26.352287
 0.094371 0.765112
 -0.898006 -0.406918 -0.167341
 1.000000 1.000000 1.000000 1.000000
 0.468483 -0.003266 -26.065481
 0.012646 0.748226
 -0.969857 0.123680 -0.209952
 1.000000 1.000000 1.000000 1.000000
 0.936821 0.093727 -28.175756
 0.012646 0.873504
 -0.988287 -0.051048 -0.143812
 1.000000 1.000000 1.000000 1.000000
 1.011751 -2.497953 -24.670235
 0.137109 0.672861
 -0.308123 -0.836216 -0.453656
 1.000000 1.000000 1.000000 1.000000
 1.045054 -1.680308 -26.352287
 0.094371 0.765112
 -0.898006 -0.406918 -0.167341
 1.000000 1.000000 1.000000 1.000000
 2.200097 -3.333346 -26.280500
 0.184963 0.769132
 -0.354033 -0.935155 -0.012086
 1.000000 1.000000 1.000000 1.000000
 2.200097 -3.333346 -26.280500
 0.184963 0.769132
 -0.354033 -0.935155 -0.012086
 1.000000 1.000000 1.000000 1.000000
 2.199533 -3.107596 -24.051029
 0.200299 0.661414
 -0.086261 -0.996012 -0.022801
 1.000000 1.000000 1.000000 1.000000
 1.011751 -2.497953 -24.670235
 0.137109 0.672861
 -0.308123 -0.836216 -0.453656
 1.000000 1.000000 1.000000 1.000000
 0.078951 1.698313 -25.323847
 0.826871 0.278913
 0.000000 0.303704 -0.952766
 1.000000 1.000000 1.000000 1.000000
 0.078951 3.765092 -23.834488
 0.771982 0.193517
 0.000000 0.901300 -0.433196
 1.000000 1.000000 1.000000 1.000000
 1.736206 3.966342 -23.881775
 0.711950 0.211809
 0.017773 0.943264 -0.331569
 1.000000 1.000000 1.000000 1.000000
 1.736206 3.966342 -23.881775
 0.711950 0.211809
 0.017773 0.943264 -0.331569
 1.000000 1.000000 1.000000 1.000000
 1.772104 2.417984 -25.313419
 0.742233 0.299573
 -0.473515 0.740249 -0.477299
 1.000000 1.000000 1.000000 1.000000
 0.078951 1.698313 -25.323847
 0.826871 0.278913
 0.000000 0.303704 -0.952766
 1.000000 1.000000 1.000000 1.000000
 4.693574 -2.971776 -25.895981
 0.295873 0.766552
 0.579604 -0.808415 0.102587
 1.000000 1.000000 1.000000 1.000000
 5.826709 -0.555318 -25.418839
 0.413945 0.752952
 0.988545 -0.110742 0.102548
 1.000000 1.000000 1.000000 1.000000
 5.404995 -0.653713 -22.106468
 0.413946 0.606233
 0.956830 -0.174947 0.232100
 1.000000 1.000000 1.000000 1.000000
 5.404995 -0.653713 -22.106468
 0.413946 0.606233
 0.956830 -0.174947 0.232100
 1.000000 1.000000 1.000000 1.000000
 4.262507 -2.712392 -22.975571
 0.304662 0.630700
 0.556830 -0.818632 0.140648
 1.000000 1.000000 1.000000 1.000000
 4.693574 -2.971776 -25.895981
 0.295873 0.766552
 0.579604 -0.808415 0.102587
 1.000000 1.000000 1.000000 1.000000
 2.199533 -3.107596 -24.051029
 0.200299 0.661414
 -0.086261 -0.996012 -0.022801
 1.000000 1.000000 1.000000 1.000000
 2.200097 -3.333346 -26.280500
 0.184963 0.769132
 -0.354033 -0.935155 -0.012086
 1.000000 1.000000 1.000000 1.000000
 4.693574 -2.971776 -25.895981
 0.295873 0.766552
 0.579604 -0.808415 0.102587
 1.000000 1.000000 1.000000 1.000000
 4.693574 -2.971776 -25.895981
 0.295873 0.766552
 0.579604 -0.808415 0.102587
 1.000000 1.000000 1.000000 1.000000
 4.262507 -2.712392 -22.975571
 0.304662 0.630700
 0.556830 -0.818632 0.140648
 1.000000 1.000000 1.000000 1.000000
 2.199533 -3.107596 -24.051029
 0.200299 0.661414
 -0.086261 -0.996012 -0.022801
 1.000000 1.000000 1.000000 1.000000
 3.940971 1.145958 -19.299511
 0.508408 0.017351
 0.774805 0.415611 0.476388
 1.000000 1.000000 1.000000 1.000000
 4.798687 1.545385 -21.217522
 0.519387 0.123863
 0.873716 0.402357 0.273366
 1.000000 1.000000 1.000000 1.000000
 3.397583 3.364599 -21.254623
 0.623916 0.118634
 0.521728 0.809592 0.268998
 1.000000 1.000000 1.000000 1.000000
 3.397583 3.364599 -21.254623
 0.623916 0.118634
 0.521728 0.809592 0.268998
 1.000000 1.000000 1.000000 1.000000
 2.745375 2.299440 -19.379387
 0.610219 0.017351
 0.458895 0.694535 0.554109
 1.000000 1.000000 1.000000 1.000000
 3.940971 1.145958 -19.299511
 0.508408 0.017351
 0.774805 0.415611 0.476388
 1.000000 1.000000 1.000000 1.000000
 3.397583 3.364599 -21.254623
 0.623916 0.118634
 0.521728 0.809592 0.268998
 1.000000 1.000000 1.000000 1.000000
 3.631001 3.280977 -23.789150
 0.627166 0.225677
 0.550965 0.833003 -0.050439
 1.000000 1.000000 1.000000 1.000000
 1.736206 3.966342 -23.881775
 0.711950 0.211809
 0.017773 0.943264 -0.331569
 1.000000 1.000000 1.000000 1.000000
 1.736206 3.966342 -23.881775
 0.711950 0.211809
 0.017773 0.943264 -0.331569
 1.000000 1.000000 1.000000 1.000000
 1.647000 3.769968 -21.269753
 0.702518 0.110880
 0.062038 0.967945 0.243380
 1.000000 1.000000 1.000000 1.000000
 3.397583 3.364599 -21.254623
 0.623916 0.118634
 0.521728 0.809592 0.268998
 1.000000 1.000000 1.000000 1.000000
 1.958427 -3.176639 -22.205627
 0.204544 0.594669
 0.202162 -0.977744 0.056091
 1.000000 1.000000 1.000000 1.000000
 2.199533 -3.107596 -24.051029
 0.200299 0.661414
 -0.086261 -0.996012 -0.022801
 1.000000 1.000000 1.000000 1.000000
 4.262507 -2.712392 -22.975571
 0.304662 0.630700
 0.556830 -0.818632 0.140648
 1.000000 1.000000 1.000000 1.000000
 4.262507 -2.712392 -22.975571
 0.304662 0.630700
 0.556830 -0.818632 0.140648
 1.000000 1.000000 1.000000 1.000000
 4.067185 -2.685049 -22.145638
 0.304204 0.590875
 0.552042 -0.799176 0.237836
 1.000000 1.000000 1.000000 1.000000
 1.958427 -3.176639 -22.205627
 0.204544 0.594669
 0.202162 -0.977744 0.056091
 1.000000 1.000000 1.000000 1.000000
 4.373733 -0.493981 -19.377056
 0.413945 0.451378
 0.881172 -0.211529 0.422837
 1.000000 1.000000 1.000000 1.000000
 3.131910 -1.947829 -19.706806
 0.310964 0.471650
 0.553109 -0.714675 0.428148
 1.000000 1.000000 1.000000 1.000000
 4.067185 -2.685049 -22.145638
 0.304204 0.590875
 0.552042 -0.799176 0.237836
 1.000000 1.000000 1.000000 1.000000
 4.067185 -2.685049 -22.145638
 0.304204 0.590875
 0.552042 -0.799176 0.237836
 1.000000 1.000000 1.000000 1.000000
 5.404995 -0.653713 -22.106468
 0.413946 0.606233
 0.956830 -0.174947 0.232100
 1.000000 1.000000 1.000000 1.000000
 4.373733 -0.493981 -19.377056
 0.413945 0.451378
 0.881172 -0.211529 0.422837
 1.000000 1.000000 1.000000 1.000000
 0.078951 3.612383 -21.262035
 0.771982 0.105469
 0.000000 0.956558 0.291541
 1.000000 1.000000 1.000000 1.000000
 0.078951 2.377995 -19.805016
 0.771982 0.017351
 0.000000 0.762992 0.646407
 1.000000 1.000000 1.000000 1.000000
 1.407249 2.982620 -19.515926
 0.699715 0.017351
 -0.004236 0.848213 0.529639
 1.000000 1.000000 1.000000 1.000000
 1.407249 2.982620 -19.515926
 0.699715 0.017351
 -0.004236 0.848213 0.529639
 1.000000 1.000000 1.000000 1.000000
 1.647000 3.769968 -21.269753
 0.702518 0.110880
 0.062038 0.967945 0.243380
 1.000000 1.000000 1.000000 1.000000
 0.078951 3.612383 -21.262035
 0.771982 0.105469
 0.000000 0.956558 0.291541
 1.000000 1.000000 1.000000 1.000000
 1.664052 -2.993703 -20.091473
 0.211451 0.489490
 0.277140 -0.934654 0.222743
 1.000000 1.000000 1.000000 1.000000
 4.067185 -2.685049 -22.145638
 0.304204 0.590875
 0.552042 -0.799176 0.237836
 1.000000 1.000000 1.000000 1.000000
 3.131910 -1.947829 -19.706806
 0.310964 0.471650
 0.553109 -0.714675 0.428148
 1.000000 1.000000 1.000000 1.000000
 4.798687 1.545385 -21.217522
 0.519387 0.123863
 0.873716 0.402357 0.273366
 1.000000 1.000000 1.000000 1.000000
 3.940971 1.145958 -19.299511
 0.508408 0.017351
 0.774805 0.415611 0.476388
 1.000000 1.000000 1.000000 1.000000
 4.373733 -0.493981 -19.377056
 0.413945 0.021999
 0.881172 -0.211529 0.422837
 1.000000 1.000000 1.000000 1.000000
 4.373733 -0.493981 -19.377056
 0.413945 0.021999
 0.881172 -0.211529 0.422837
 1.000000 1.000000 1.000000 1.000000
 5.404995 -0.653713 -22.106468
 0.413946 0.172206
 0.956830 -0.174947 0.232100
 1.000000 1.000000 1.000000 1.000000
 4.798687 1.545385 -21.217522
 0.519387 0.123863
 0.873716 0.402357 0.273366
 1.000000 1.000000 1.000000 1.000000
 1.407249 2.982620 -19.515926
 0.699715 0.017351
 -0.004236 0.848213 0.529639
 1.000000 1.000000 1.000000 1.000000
 2.745375 2.299440 -19.379387
 0.610219 0.017351
 0.458895 0.694535 0.554109
 1.000000 1.000000 1.000000 1.000000
 3.397583 3.364599 -21.254623
 0.623916 0.118634
 0.521728 0.809592 0.268998
 1.000000 1.000000 1.000000 1.000000
 3.397583 3.364599 -21.254623
 0.623916 0.118634
 0.521728 0.809592 0.268998
 1.000000 1.000000 1.000000 1.000000
 1.647000 3.769968 -21.269753
 0.702518 0.110880
 0.062038 0.967945 0.243380
 1.000000 1.000000 1.000000 1.000000
 1.407249 2.982620 -19.515926
 0.699715 0.017351
 -0.004236 0.848213 0.529639
 1.000000 1.000000 1.000000 1.000000
 1.664052 -2.993703 -20.091473
 0.211451 0.489490
 0.277140 -0.934654 0.222743
 1.000000 1.000000 1.000000 1.000000
 0.078951 -3.243917 -20.263693
 0.116243 0.501653
 0.000000 -0.979799 0.199982
 1.000000 1.000000 1.000000 1.000000
 0.078951 -3.494731 -21.492542
 0.116243 0.553398
 -0.000000 -0.997697 0.067827
 1.000000 1.000000 1.000000 1.000000
 0.078951 -3.494731 -21.492542
 0.116243 0.553398
 -0.000000 -0.997697 0.067827
 1.000000 1.000000 1.000000 1.000000
 1.249251 -3.316252 -22.226528
 0.170206 0.592057
 0.116889 -0.990556 -0.071657
 1.000000 1.000000 1.000000 1.000000
 1.664052 -2.993703 -20.091473
 0.211451 0.489490
 0.277140 -0.934654 0.222743
 1.000000 1.000000 1.000000 1.000000
 0.946599 0.522218 -28.171501
 0.812275 0.488093
 -0.938381 0.308683 -0.155420
 1.000000 1.000000 1.000000 1.000000
 0.468483 -0.003266 -26.065481
 0.870314 0.364930
 -0.969857 0.123680 -0.209952
 1.000000 1.000000 1.000000 1.000000
 1.892501 2.570692 -26.199110
 0.727276 0.352688
 -0.640584 0.767787 -0.012453
 1.000000 1.000000 1.000000 1.000000
 1.892501 2.570692 -26.199110
 0.727276 0.352688
 -0.640584 0.767787 -0.012453
 1.000000 1.000000 1.000000 1.000000
 2.306630 2.711543 -28.067713
 0.690140 0.461145
 -0.458686 0.875337 -0.152944
 1.000000 1.000000 1.000000 1.000000
 0.946599 0.522218 -28.171501
 0.812275 0.488093
 -0.938381 0.308683 -0.155420
 1.000000 1.000000 1.000000 1.000000
 0.295148 -0.112039 -25.479162
 0.012646 0.714474
 -0.767876 -0.026164 -0.640064
 1.000000 1.000000 1.000000 1.000000
 0.468483 -0.003266 -26.065481
 0.012646 0.748226
 -0.969857 0.123680 -0.209952
 1.000000 1.000000 1.000000 1.000000
 1.045054 -1.680308 -26.352287
 0.094371 0.765112
 -0.898006 -0.406918 -0.167341
 1.000000 1.000000 1.000000 1.000000
 1.045054 -1.680308 -26.352287
 0.094371 0.765112
 -0.898006 -0.406918 -0.167341
 1.000000 1.000000 1.000000 1.000000
 1.011751 -2.497953 -24.670235
 0.137109 0.672861
 -0.308123 -0.836216 -0.453656
 1.000000 1.000000 1.000000 1.000000
 0.295148 -0.112039 -25.479162
 0.012646 0.714474
 -0.767876 -0.026164 -0.640064
 1.000000 1.000000 1.000000 1.000000
 0.078951 -2.625679 -24.813650
 0.094753 0.656839
 0.000000 -0.568160 -0.822918
 1.000000 1.000000 1.000000 1.000000
 0.078951 -0.112901 -25.302843
 0.012646 0.669825
 0.000000 -0.105829 -0.994384
 1.000000 1.000000 1.000000 1.000000
 0.295148 -0.112039 -25.479162
 0.012646 0.714474
 -0.767876 -0.026164 -0.640064
 1.000000 1.000000 1.000000 1.000000
 0.295148 -0.112039 -25.479162
 0.012646 0.714474
 -0.767876 -0.026164 -0.640064
 1.000000 1.000000 1.000000 1.000000
 1.011751 -2.497953 -24.670235
 0.137109 0.672861
 -0.308123 -0.836216 -0.453656
 1.000000 1.000000 1.000000 1.000000
 0.078951 -2.625679 -24.813650
 0.094753 0.656839
 0.000000 -0.568160 -0.822918
 1.000000 1.000000 1.000000 1.000000
 0.078951 -3.428098 -22.222145
 0.116243 0.586918
 -0.000000 -0.982179 -0.187950
 1.000000 1.000000 1.000000 1.000000
 0.078951 -3.145993 -24.117317
 0.104155 0.639406
 -0.000000 -0.954576 -0.297968
 1.000000 1.000000 1.000000 1.000000
 1.011751 -2.497953 -24.670235
 0.137109 0.672861
 -0.308123 -0.836216 -0.453656
 1.000000 1.000000 1.000000 1.000000
 0.078951 1.698313 -25.323847
 0.826871 0.278913
 0.000000 0.303704 -0.952766
 1.000000 1.000000 1.000000 1.000000
 0.295148 -0.112039 -25.479162
 0.878382 0.334624
 -0.767876 -0.026164 -0.640064
 1.000000 1.000000 1.000000 1.000000
 0.078951 -0.112901 -25.302843
 0.883640 0.320484
 0.000000 -0.105829 -0.994384
 1.000000 1.000000 1.000000 1.000000
 1.772104 2.417984 -25.313419
 0.742233 0.299573
 -0.473515 0.740249 -0.477299
 1.000000 1.000000 1.000000 1.000000
 0.295148 -0.112039 -25.479162
 0.878382 0.334624
 -0.767876 -0.026164 -0.640064
 1.000000 1.000000 1.000000 1.000000
 0.078951 1.698313 -25.323847
 0.826871 0.278913
 0.000000 0.303704 -0.952766
 1.000000 1.000000 1.000000 1.000000
 3.306882 3.061764 -26.004295
 0.651782 0.341628
 0.035950 0.999232 -0.015561
 1.000000 1.000000 1.000000 1.000000
 2.306630 2.711543 -28.067713
 0.690140 0.461145
 -0.458686 0.875337 -0.152944
 1.000000 1.000000 1.000000 1.000000
 1.892501 2.570692 -26.199110
 0.727276 0.352688
 -0.640584 0.767787 -0.012453
 1.000000 1.000000 1.000000 1.000000
 4.798687 1.545385 -21.217522
 0.519387 0.123863
 0.873716 0.402357 0.273366
 1.000000 1.000000 1.000000 1.000000
 5.404995 -0.653713 -22.106468
 0.413946 0.172206
 0.956830 -0.174947 0.232100
 1.000000 1.000000 1.000000 1.000000
 5.010841 1.950692 -24.175997
 0.539524 0.256515
 0.834634 0.541336 0.101698
 1.000000 1.000000 1.000000 1.000000
 3.631001 3.280977 -23.789150
 0.627166 0.225677
 0.550965 0.833003 -0.050439
 1.000000 1.000000 1.000000 1.000000
 4.798687 1.545385 -21.217522
 0.519387 0.123863
 0.873716 0.402357 0.273366
 1.000000 1.000000 1.000000 1.000000
 5.010841 1.950692 -24.175997
 0.539524 0.256515
 0.834634 0.541336 0.101698
 1.000000 1.000000 1.000000 1.000000
 4.798687 1.545385 -21.217522
 0.519387 0.123863
 0.873716 0.402357 0.273366
 1.000000 1.000000 1.000000 1.000000
 3.631001 3.280977 -23.789150
 0.627166 0.225677
 0.550965 0.833003 -0.050439
 1.000000 1.000000 1.000000 1.000000
 3.397583 3.364599 -21.254623
 0.623916 0.118634
 0.521728 0.809592 0.268998
 1.000000 1.000000 1.000000 1.000000
 3.631001 3.280977 -23.789150
 0.627166 0.225677
 0.550965 0.833003 -0.050439
 1.000000 1.000000 1.000000 1.000000
 5.010841 1.950692 -24.175997
 0.539524 0.256515
 0.834634 0.541336 0.101698
 1.000000 1.000000 1.000000 1.000000
 3.433230 3.141851 -24.987780
 0.644477 0.282317
 0.305322 0.915657 -0.261439
 1.000000 1.000000 1.000000 1.000000
 2.199533 -3.107596 -24.051029
 0.200299 0.661414
 -0.086261 -0.996012 -0.022801
 1.000000 1.000000 1.000000 1.000000
 1.249251 -3.316252 -22.226528
 0.170206 0.592057
 0.116889 -0.990556 -0.071657
 1.000000 1.000000 1.000000 1.000000
 1.011751 -2.497953 -24.670235
 0.137109 0.672861
 -0.308123 -0.836216 -0.453656
 1.000000 1.000000 1.000000 1.000000
 1.011751 -2.497953 -24.670235
 0.137109 0.672861
 -0.308123 -0.836216 -0.453656
 1.000000 1.000000 1.000000 1.000000
 0.078951 -3.145993 -24.117317
 0.104155 0.639406
 -0.000000 -0.954576 -0.297968
 1.000000 1.000000 1.000000 1.000000
 0.078951 -2.625679 -24.813650
 0.094753 0.656839
 0.000000 -0.568160 -0.822918
 1.000000 1.000000 1.000000 1.000000
 5.404995 -0.653713 -22.106468
 0.413946 0.606233
 0.956830 -0.174947 0.232100
 1.000000 1.000000 1.000000 1.000000
 4.067185 -2.685049 -22.145638
 0.304204 0.590875
 0.552042 -0.799176 0.237836
 1.000000 1.000000 1.000000 1.000000
 4.262507 -2.712392 -22.975571
 0.304662 0.630700
 0.556830 -0.818632 0.140648
 1.000000 1.000000 1.000000 1.000000
 1.958427 -3.176639 -22.205627
 0.204544 0.594669
 0.202162 -0.977744 0.056091
 1.000000 1.000000 1.000000 1.000000
 1.249251 -3.316252 -22.226528
 0.170206 0.592057
 0.116889 -0.990556 -0.071657
 1.000000 1.000000 1.000000 1.000000
 2.199533 -3.107596 -24.051029
 0.200299 0.661414
 -0.086261 -0.996012 -0.022801
 1.000000 1.000000 1.000000 1.000000
 1.664052 -2.993703 -20.091473
 0.211451 0.489490
 0.277140 -0.934654 0.222743
 1.000000 1.000000 1.000000 1.000000
 1.249251 -3.316252 -22.226528
 0.170206 0.592057
 0.116889 -0.990556 -0.071657
 1.000000 1.000000 1.000000 1.000000
 1.958427 -3.176639 -22.205627
 0.204544 0.594669
 0.202162 -0.977744 0.056091
 1.000000 1.000000 1.000000 1.000000
 0.078951 -3.494731 -21.492542
 0.116243 0.553398
 -0.000000 -0.997697 0.067827
 1.000000 1.000000 1.000000 1.000000
 0.078951 -3.428098 -22.222145
 0.116243 0.586918
 -0.000000 -0.982179 -0.187950
 1.000000 1.000000 1.000000 1.000000
 1.249251 -3.316252 -22.226528
 0.170206 0.592057
 0.116889 -0.990556 -0.071657
 1.000000 1.000000 1.000000 1.000000
 0.946599 0.522218 -28.171501
 0.812275 0.488093
 -0.938381 0.308683 -0.155420
 1.000000 1.000000 1.000000 1.000000
 0.936821 0.093727 -28.175756
 0.833067 0.492353
 -0.988287 -0.051048 -0.143812
 1.000000 1.000000 1.000000 1.000000
 0.468483 -0.003266 -26.065481
 0.870314 0.364930
 -0.969857 0.123680 -0.209952
 1.000000 1.000000 1.000000 1.000000
 0.078951 -3.428098 -22.222145
 0.116243 0.586918
 -0.000000 -0.982179 -0.187950
 1.000000 1.000000 1.000000 1.000000
 1.011751 -2.497953 -24.670235
 0.137109 0.672861
 -0.308123 -0.836216 -0.453656
 1.000000 1.000000 1.000000 1.000000
 1.249251 -3.316252 -22.226528
 0.170206 0.592057
 0.116889 -0.990556 -0.071657
 1.000000 1.000000 1.000000 1.000000
 1.958427 -3.176639 -22.205627
 0.204544 0.594669
 0.202162 -0.977744 0.056091
 1.000000 1.000000 1.000000 1.000000
 4.067185 -2.685049 -22.145638
 0.304204 0.590875
 0.552042 -0.799176 0.237836
 1.000000 1.000000 1.000000 1.000000
 1.664052 -2.993703 -20.091473
 0.211451 0.489490
 0.277140 -0.934654 0.222743
 1.000000 1.000000 1.000000 1.000000
 2.179526 -3.418956 -22.394093
 0.854344 0.724146
 0.030860 -0.990942 0.130695
 1.000000 1.000000 1.000000 1.000000
 3.391549 -3.459907 -22.756950
 0.854344 0.655949
 0.109108 -0.983662 0.143193
 1.000000 1.000000 1.000000 1.000000
 3.764289 -3.279629 -21.802544
 0.789744 0.655949
 0.128183 -0.982998 0.131467
 1.000000 1.000000 1.000000 1.000000
 3.764289 -3.279629 -21.802544
 0.789744 0.655949
 0.128183 -0.982998 0.131467
 1.000000 1.000000 1.000000 1.000000
 2.535236 -3.285347 -21.371212
 0.789744 0.724146
 0.042309 -0.993192 0.108530
 1.000000 1.000000 1.000000 1.000000
 2.179526 -3.418956 -22.394093
 0.854344 0.724146
 0.030860 -0.990942 0.130695
 1.000000 1.000000 1.000000 1.000000
 4.660613 -3.245245 -23.232544
 0.854344 0.580472
 0.224462 -0.967381 0.117433
 1.000000 1.000000 1.000000 1.000000
 5.019986 -3.027667 -22.257504
 0.789744 0.580472
 0.239078 -0.962698 0.126707
 1.000000 1.000000 1.000000 1.000000
 3.764289 -3.279629 -21.802544
 0.789744 0.655949
 0.128183 -0.982998 0.131467
 1.000000 1.000000 1.000000 1.000000
 3.764289 -3.279629 -21.802544
 0.789744 0.655949
 0.128183 -0.982998 0.131467
 1.000000 1.000000 1.000000 1.000000
 3.391549 -3.459907 -22.756950
 0.854344 0.655949
 0.109108 -0.983662 0.143193
 1.000000 1.000000 1.000000 1.000000
 4.660613 -3.245245 -23.232544
 0.854344 0.580472
 0.224462 -0.967381 0.117433
 1.000000 1.000000 1.000000 1.000000
 1.479499 -3.408753 -22.148319
 0.854344 0.769068
 0.035795 -0.993384 0.109123
 1.000000 1.000000 1.000000 1.000000
 2.179526 -3.418956 -22.394093
 0.854344 0.724146
 0.030860 -0.990942 0.130695
 1.000000 1.000000 1.000000 1.000000
 2.535236 -3.285347 -21.371212
 0.789744 0.724146
 0.042309 -0.993192 0.108530
 1.000000 1.000000 1.000000 1.000000
 2.535236 -3.285347 -21.371212
 0.789744 0.724146
 0.042309 -0.993192 0.108530
 1.000000 1.000000 1.000000 1.000000
 1.742709 -3.286831 -20.991226
 0.789744 0.769068
 0.046980 -0.994454 0.094098
 1.000000 1.000000 1.000000 1.000000
 1.479499 -3.408753 -22.148319
 0.854344 0.769068
 0.035795 -0.993384 0.109123
 1.000000 1.000000 1.000000 1.000000
 0.078951 -3.498878 -21.111145
 0.905916 0.011105
 0.000000 -0.999203 0.039906
 1.000000 1.000000 1.000000 1.000000
 0.078951 -3.510831 -22.149258
 0.985537 0.011111
 0.000000 -0.999934 0.011513
 1.000000 1.000000 1.000000 1.000000
 1.479499 -3.408753 -22.148319
 0.985540 0.098267
 0.204612 -0.978022 0.040075
 1.000000 1.000000 1.000000 1.000000
 1.479499 -3.408753 -22.148319
 0.985540 0.098267
 0.204612 -0.978022 0.040075
 1.000000 1.000000 1.000000 1.000000
 1.742709 -3.286832 -20.991226
 0.906135 0.106687
 0.219027 -0.972302 0.081580
 1.000000 1.000000 1.000000 1.000000
 0.078951 -3.498878 -21.111145
 0.905916 0.011105
 0.000000 -0.999203 0.039906
 1.000000 1.000000 1.000000 1.000000
 4.036224 -2.732396 -21.739395
 0.985540 0.217747
 0.567156 -0.756109 0.326546
 1.000000 1.000000 1.000000 1.000000
 5.327962 -0.473734 -21.475086
 0.985540 0.342605
 0.904221 -0.183332 0.385713
 1.000000 1.000000 1.000000 1.000000
 4.849582 -0.515654 -20.373550
 0.905916 0.341094
 0.890668 -0.195102 0.410664
 1.000000 1.000000 1.000000 1.000000
 4.849582 -0.515654 -20.373550
 0.905916 0.341094
 0.890668 -0.195102 0.410664
 1.000000 1.000000 1.000000 1.000000
 3.546028 -2.530249 -20.647831
 0.905916 0.215300
 0.538553 -0.751519 0.381025
 1.000000 1.000000 1.000000 1.000000
 4.036224 -2.732396 -21.739395
 0.985540 0.217747
 0.567156 -0.756109 0.326546
 1.000000 1.000000 1.000000 1.000000
 4.935877 1.644246 -21.340054
 0.985544 0.454834
 0.806475 0.354684 0.473073
 1.000000 1.000000 1.000000 1.000000
 4.450935 1.334345 -20.309029
 0.905916 0.455525
 0.810805 0.346377 0.471824
 1.000000 1.000000 1.000000 1.000000
 4.849582 -0.515654 -20.373550
 0.905916 0.341094
 0.890668 -0.195102 0.410664
 1.000000 1.000000 1.000000 1.000000
 4.849582 -0.515654 -20.373550
 0.905916 0.341094
 0.890668 -0.195102 0.410664
 1.000000 1.000000 1.000000 1.000000
 5.327962 -0.473734 -21.475086
 0.985540 0.342605
 0.904221 -0.183332 0.385713
 1.000000 1.000000 1.000000 1.000000
 4.935877 1.644246 -21.340054
 0.985544 0.454834
 0.806475 0.354684 0.473073
 1.000000 1.000000 1.000000 1.000000
 4.036224 -2.732396 -21.739395
 0.985540 0.217747
 0.567156 -0.756109 0.326546
 1.000000 1.000000 1.000000 1.000000
 1.742709 -3.286832 -20.991226
 0.906135 0.106687
 0.219027 -0.972302 0.081580
 1.000000 1.000000 1.000000 1.000000
 1.877865 -3.258540 -22.098965
 0.985542 0.120430
 0.294538 -0.955570 0.011531
 1.000000 1.000000 1.000000 1.000000
 4.450935 1.334345 -20.309029
 0.905916 0.455525
 0.810805 0.346377 0.471824
 1.000000 1.000000 1.000000 1.000000
 4.935877 1.644246 -21.340054
 0.985544 0.454834
 0.806475 0.354684 0.473073
 1.000000 1.000000 1.000000 1.000000
 3.492976 3.505087 -21.279984
 0.985541 0.578069
 0.481425 0.736966 0.474459
 1.000000 1.000000 1.000000 1.000000
 3.492976 3.505087 -21.279984
 0.985541 0.578069
 0.481425 0.736966 0.474459
 1.000000 1.000000 1.000000 1.000000
 3.304417 3.038433 -20.333042
 0.905916 0.580537
 0.532704 0.714006 0.454336
 1.000000 1.000000 1.000000 1.000000
 4.450935 1.334345 -20.309029
 0.905916 0.455525
 0.810805 0.346377 0.471824
 1.000000 1.000000 1.000000 1.000000
 1.801339 3.933683 -21.314735
 0.985691 0.678981
 0.095475 0.890968 0.443914
 1.000000 1.000000 1.000000 1.000000
 1.644489 3.490935 -20.384190
 0.906113 0.679835
 0.100185 0.901001 0.422090
 1.000000 1.000000 1.000000 1.000000
 3.304417 3.038433 -20.333042
 0.905916 0.580537
 0.532704 0.714006 0.454336
 1.000000 1.000000 1.000000 1.000000
 3.304417 3.038433 -20.333042
 0.905916 0.580537
 0.532704 0.714006 0.454336
 1.000000 1.000000 1.000000 1.000000
 3.492976 3.505087 -21.279984
 0.985541 0.578069
 0.481425 0.736966 0.474459
 1.000000 1.000000 1.000000 1.000000
 1.801339 3.933683 -21.314735
 0.985691 0.678981
 0.095475 0.890968 0.443914
 1.000000 1.000000 1.000000 1.000000
 0.078951 3.903373 -21.408855
 0.985535 0.757459
 0.000000 0.931351 0.364122
 1.000000 1.000000 1.000000 1.000000
 0.078951 3.551497 -20.393635
 0.905912 0.757352
 0.000000 0.944855 0.327488
 1.000000 1.000000 1.000000 1.000000
 1.644489 3.490935 -20.384190
 0.906113 0.679835
 0.100185 0.901001 0.422090
 1.000000 1.000000 1.000000 1.000000
 1.644489 3.490935 -20.384190
 0.906113 0.679835
 0.100185 0.901001 0.422090
 1.000000 1.000000 1.000000 1.000000
 1.801339 3.933683 -21.314735
 0.985691 0.678981
 0.095475 0.890968 0.443914
 1.000000 1.000000 1.000000 1.000000
 0.078951 3.903373 -21.408855
 0.985535 0.757459
 0.000000 0.931351 0.364122
 1.000000 1.000000 1.000000 1.000000
 1.877865 -3.258540 -22.098965
 0.985542 0.120430
 0.294538 -0.955570 0.011531
 1.000000 1.000000 1.000000 1.000000
 1.742709 -3.286832 -20.991226
 0.906135 0.106687
 0.219027 -0.972302 0.081580
 1.000000 1.000000 1.000000 1.000000
 1.479499 -3.408753 -22.148319
 0.985540 0.098267
 0.204612 -0.978022 0.040075
 1.000000 1.000000 1.000000 1.000000
 3.546028 -2.530249 -20.647831
 0.905916 0.215300
 0.538553 -0.751519 0.381025
 1.000000 1.000000 1.000000 1.000000
 1.742709 -3.286832 -20.991226
 0.906135 0.106687
 0.219027 -0.972302 0.081580
 1.000000 1.000000 1.000000 1.000000
 4.036224 -2.732396 -21.739395
 0.985540 0.217747
 0.567156 -0.756109 0.326546
 1.000000 1.000000 1.000000 1.000000
 1.414797 -3.451801 -22.722740
 0.710189 0.806871
 0.128866 -0.990650 0.044790
 1.000000 1.000000 1.000000 1.000000
 1.414797 -3.403491 -20.446838
 0.710200 0.648376
 0.088786 -0.995826 0.021138
 1.000000 1.000000 1.000000 1.000000
 0.078951 -3.522522 -20.443520
 0.631761 0.648576
 0.000000 -0.999438 0.033531
 1.000000 1.000000 1.000000 1.000000
 0.078951 -3.522522 -20.443520
 0.631761 0.648576
 0.000000 -0.999438 0.033531
 1.000000 1.000000 1.000000 1.000000
 0.078951 -3.653569 -22.718731
 0.631784 0.806886
 0.000000 -0.998345 0.057502
 1.000000 1.000000 1.000000 1.000000
 1.414797 -3.451801 -22.722740
 0.710189 0.806871
 0.128866 -0.990650 0.044790
 1.000000 1.000000 1.000000 1.000000
 -5.668807 -0.555318 -25.418839
 0.413945 0.318926
 -0.988545 -0.110742 0.102548
 1.000000 1.000000 1.000000 1.000000
 -5.247093 -0.653713 -22.106468
 0.413946 0.172206
 -0.956830 -0.174947 0.232100
 1.000000 1.000000 1.000000 1.000000
 -4.852940 1.950692 -24.175997
 0.539524 0.256515
 -0.834634 0.541336 0.101698
 1.000000 1.000000 1.000000 1.000000
 -4.852940 1.950692 -24.175997
 0.539524 0.256515
 -0.834634 0.541336 0.101698
 1.000000 1.000000 1.000000 1.000000
 -5.082116 2.144440 -25.822908
 0.544959 0.339847
 -0.769067 0.619381 0.157808
 1.000000 1.000000 1.000000 1.000000
 -5.668807 -0.555318 -25.418839
 0.413945 0.318926
 -0.988545 -0.110742 0.102548
 1.000000 1.000000 1.000000 1.000000
 -4.838090 -3.023990 -28.100157
 0.287070 0.856473
 -0.624805 -0.775439 0.091175
 1.000000 1.000000 1.000000 1.000000
 -2.034022 -3.296486 -28.138124
 0.176819 0.858711
 0.447875 -0.892882 -0.046581
 1.000000 1.000000 1.000000 1.000000
 -2.042195 -3.333346 -26.280500
 0.184963 0.769132
 0.354033 -0.935155 -0.012086
 1.000000 1.000000 1.000000 1.000000
 -2.042195 -3.333346 -26.280500
 0.184963 0.769132
 0.354033 -0.935155 -0.012086
 1.000000 1.000000 1.000000 1.000000
 -4.535672 -2.971776 -25.895981
 0.295873 0.766552
 -0.579604 -0.808415 0.102587
 1.000000 1.000000 1.000000 1.000000
 -4.838090 -3.023990 -28.100157
 0.287070 0.856473
 -0.624805 -0.775439 0.091175
 1.000000 1.000000 1.000000 1.000000
 -4.535672 -2.971776 -25.895981
 0.295873 0.766552
 -0.579604 -0.808415 0.102587
 1.000000 1.000000 1.000000 1.000000
 -5.668807 -0.555318 -25.418839
 0.413945 0.752952
 -0.988545 -0.110742 0.102548
 1.000000 1.000000 1.000000 1.000000
 -5.882605 -0.354874 -28.017771
 0.413945 0.861612
 -0.992203 -0.077439 0.097656
 1.000000 1.000000 1.000000 1.000000
 -5.882605 -0.354874 -28.017771
 0.413945 0.861612
 -0.992203 -0.077439 0.097656
 1.000000 1.000000 1.000000 1.000000
 -4.838090 -3.023990 -28.100157
 0.287070 0.856473
 -0.624805 -0.775439 0.091175
 1.000000 1.000000 1.000000 1.000000
 -4.535672 -2.971776 -25.895981
 0.295873 0.766552
 -0.579604 -0.808415 0.102587
 1.000000 1.000000 1.000000 1.000000
 -3.148980 3.061764 -26.004295
 0.651782 0.341628
 -0.035951 0.999232 -0.015561
 1.000000 1.000000 1.000000 1.000000
 -5.082116 2.144440 -25.822908
 0.544959 0.339847
 -0.769067 0.619381 0.157808
 1.000000 1.000000 1.000000 1.000000
 -4.852940 1.950692 -24.175997
 0.539524 0.256515
 -0.834634 0.541336 0.101698
 1.000000 1.000000 1.000000 1.000000
 -4.852940 1.950692 -24.175997
 0.539524 0.256515
 -0.834634 0.541336 0.101698
 1.000000 1.000000 1.000000 1.000000
 -3.275328 3.141851 -24.987780
 0.644477 0.282317
 -0.305322 0.915657 -0.261439
 1.000000 1.000000 1.000000 1.000000
 -3.148980 3.061764 -26.004295
 0.651782 0.341628
 -0.035951 0.999232 -0.015561
 1.000000 1.000000 1.000000 1.000000
 -0.310581 -0.003266 -26.065481
 0.870314 0.364930
 0.969857 0.123680 -0.209952
 1.000000 1.000000 1.000000 1.000000
 -1.734599 2.570692 -26.199110
 0.727276 0.352688
 0.640584 0.767787 -0.012453
 1.000000 1.000000 1.000000 1.000000
 -1.614202 2.417984 -25.313419
 0.742233 0.299573
 0.473515 0.740249 -0.477299
 1.000000 1.000000 1.000000 1.000000
 -1.614202 2.417984 -25.313419
 0.742233 0.299573
 0.473515 0.740249 -0.477299
 1.000000 1.000000 1.000000 1.000000
 -0.137246 -0.112039 -25.479162
 0.878382 0.334624
 0.767876 -0.026164 -0.640064
 1.000000 1.000000 1.000000 1.000000
 -0.310581 -0.003266 -26.065481
 0.870314 0.364930
 0.969857 0.123680 -0.209952
 1.000000 1.000000 1.000000 1.000000
 -3.275328 3.141851 -24.987780
 0.644477 0.282317
 -0.305322 0.915657 -0.261439
 1.000000 1.000000 1.000000 1.000000
 -3.473099 3.280977 -23.789150
 0.627166 0.225677
 -0.550965 0.833003 -0.050439
 1.000000 1.000000 1.000000 1.000000
 -1.578304 3.966342 -23.881775
 0.711950 0.211809
 -0.017773 0.943264 -0.331569
 1.000000 1.000000 1.000000 1.000000
 -1.578304 3.966342 -23.881775
 0.711950 0.211809
 -0.017773 0.943264 -0.331569
 1.000000 1.000000 1.000000 1.000000
 -1.614202 2.417984 -25.313419
 0.742233 0.299573
 0.473515 0.740249 -0.477299
 1.000000 1.000000 1.000000 1.000000
 -3.275328 3.141851 -24.987780
 0.644477 0.282317
 -0.305322 0.915657 -0.261439
 1.000000 1.000000 1.000000 1.000000
 -3.148980 3.061764 -26.004295
 0.651782 0.341628
 -0.035951 0.999232 -0.015561
 1.000000 1.000000 1.000000 1.000000
 -2.148728 2.711543 -28.067713
 0.690140 0.461145
 0.458686 0.875337 -0.152944
 1.000000 1.000000 1.000000 1.000000
 -5.273459 2.446391 -28.145916
 0.549446 0.444671
 -0.708073 0.704644 0.045932
 1.000000 1.000000 1.000000 1.000000
 -5.273459 2.446391 -28.145916
 0.549446 0.444671
 -0.708073 0.704644 0.045932
 1.000000 1.000000 1.000000 1.000000
 -5.082116 2.144440 -25.822908
 0.544959 0.339847
 -0.769067 0.619381 0.157808
 1.000000 1.000000 1.000000 1.000000
 -3.148980 3.061764 -26.004295
 0.651782 0.341628
 -0.035951 0.999232 -0.015561
 1.000000 1.000000 1.000000 1.000000
 -0.887152 -1.680308 -26.352287
 0.094371 0.765112
 0.898006 -0.406918 -0.167341
 1.000000 1.000000 1.000000 1.000000
 -2.042195 -3.333346 -26.280500
 0.184963 0.769132
 0.354033 -0.935155 -0.012086
 1.000000 1.000000 1.000000 1.000000
 -2.034022 -3.296486 -28.138124
 0.176819 0.858711
 0.447875 -0.892882 -0.046581
 1.000000 1.000000 1.000000 1.000000
 -2.034022 -3.296486 -28.138124
 0.176819 0.858711
 0.447875 -0.892882 -0.046581
 1.000000 1.000000 1.000000 1.000000
 -0.753780 -1.007958 -28.186705
 0.062787 0.870093
 0.983168 -0.182645 0.004539
 1.000000 1.000000 1.000000 1.000000
 -0.887152 -1.680308 -26.352287
 0.094371 0.765112
 0.898006 -0.406918 -0.167341
 1.000000 1.000000 1.000000 1.000000
 -5.882605 -0.354874 -28.017771
 0.413945 0.427585
 -0.992203 -0.077439 0.097656
 1.000000 1.000000 1.000000 1.000000
 -5.668807 -0.555318 -25.418839
 0.413945 0.318926
 -0.988545 -0.110742 0.102548
 1.000000 1.000000 1.000000 1.000000
 -5.082116 2.144440 -25.822908
 0.544959 0.339847
 -0.769067 0.619381 0.157808
 1.000000 1.000000 1.000000 1.000000
 -5.082116 2.144440 -25.822908
 0.544959 0.339847
 -0.769067 0.619381 0.157808
 1.000000 1.000000 1.000000 1.000000
 -5.273459 2.446391 -28.145916
 0.549446 0.444671
 -0.708073 0.704644 0.045932
 1.000000 1.000000 1.000000 1.000000
 -5.882605 -0.354874 -28.017771
 0.413945 0.427585
 -0.992203 -0.077439 0.097656
 1.000000 1.000000 1.000000 1.000000
 -1.614202 2.417984 -25.313419
 0.742233 0.299573
 0.473515 0.740249 -0.477299
 1.000000 1.000000 1.000000 1.000000
 -1.734599 2.570692 -26.199110
 0.727276 0.352688
 0.640584 0.767787 -0.012453
 1.000000 1.000000 1.000000 1.000000
 -3.148980 3.061764 -26.004295
 0.651782 0.341628
 -0.035951 0.999232 -0.015561
 1.000000 1.000000 1.000000 1.000000
 -3.148980 3.061764 -26.004295
 0.651782 0.341628
 -0.035951 0.999232 -0.015561
 1.000000 1.000000 1.000000 1.000000
 -3.275328 3.141851 -24.987780
 0.644477 0.282317
 -0.305322 0.915657 -0.261439
 1.000000 1.000000 1.000000 1.000000
 -1.614202 2.417984 -25.313419
 0.742233 0.299573
 0.473515 0.740249 -0.477299
 1.000000 1.000000 1.000000 1.000000
 0.078951 3.765092 -23.834488
 0.771982 0.193517
 0.000000 0.901300 -0.433196
 1.000000 1.000000 1.000000 1.000000
 -1.578304 3.966342 -23.881775
 0.711950 0.211809
 -0.017773 0.943264 -0.331569
 1.000000 1.000000 1.000000 1.000000
 -1.489098 3.769968 -21.269753
 0.702518 0.110880
 -0.062038 0.967945 0.243380
 1.000000 1.000000 1.000000 1.000000
 -1.489098 3.769968 -21.269753
 0.702518 0.110880
 -0.062038 0.967945 0.243380
 1.000000 1.000000 1.000000 1.000000
 0.078951 3.612383 -21.262035
 0.771982 0.105469
 0.000000 0.956558 0.291541
 1.000000 1.000000 1.000000 1.000000
 0.078951 3.765092 -23.834488
 0.771982 0.193517
 0.000000 0.901300 -0.433196
 1.000000 1.000000 1.000000 1.000000
 -0.778919 0.093727 -28.175756
 0.012646 0.873504
 0.988287 -0.051048 -0.143812
 1.000000 1.000000 1.000000 1.000000
 -0.310581 -0.003266 -26.065481
 0.012646 0.748226
 0.969857 0.123680 -0.209952
 1.000000 1.000000 1.000000 1.000000
 -0.887152 -1.680308 -26.352287
 0.094371 0.765112
 0.898006 -0.406918 -0.167341
 1.000000 1.000000 1.000000 1.000000
 -0.887152 -1.680308 -26.352287
 0.094371 0.765112
 0.898006 -0.406918 -0.167341
 1.000000 1.000000 1.000000 1.000000
 -0.753780 -1.007958 -28.186705
 0.062787 0.870093
 0.983168 -0.182645 0.004539
 1.000000 1.000000 1.000000 1.000000
 -0.778919 0.093727 -28.175756
 0.012646 0.873504
 0.988287 -0.051048 -0.143812
 1.000000 1.000000 1.000000 1.000000
 -0.853849 -2.497953 -24.670235
 0.137109 0.672861
 0.308123 -0.836216 -0.453656
 1.000000 1.000000 1.000000 1.000000
 -2.041631 -3.107596 -24.051029
 0.200299 0.661414
 0.086261 -0.996012 -0.022801
 1.000000 1.000000 1.000000 1.000000
 -2.042195 -3.333346 -26.280500
 0.184963 0.769132
 0.354033 -0.935155 -0.012086
 1.000000 1.000000 1.000000 1.000000
 -2.042195 -3.333346 -26.280500
 0.184963 0.769132
 0.354033 -0.935155 -0.012086
 1.000000 1.000000 1.000000 1.000000
 -0.887152 -1.680308 -26.352287
 0.094371 0.765112
 0.898006 -0.406918 -0.167341
 1.000000 1.000000 1.000000 1.000000
 -0.853849 -2.497953 -24.670235
 0.137109 0.672861
 0.308123 -0.836216 -0.453656
 1.000000 1.000000 1.000000 1.000000
 0.078951 1.698313 -25.323847
 0.826871 0.278913
 0.000000 0.303704 -0.952766
 1.000000 1.000000 1.000000 1.000000
 -1.614202 2.417984 -25.313419
 0.742233 0.299573
 0.473515 0.740249 -0.477299
 1.000000 1.000000 1.000000 1.000000
 -1.578304 3.966342 -23.881775
 0.711950 0.211809
 -0.017773 0.943264 -0.331569
 1.000000 1.000000 1.000000 1.000000
 -1.578304 3.966342 -23.881775
 0.711950 0.211809
 -0.017773 0.943264 -0.331569
 1.000000 1.000000 1.000000 1.000000
 0.078951 3.765092 -23.834488
 0.771982 0.193517
 0.000000 0.901300 -0.433196
 1.000000 1.000000 1.000000 1.000000
 0.078951 1.698313 -25.323847
 0.826871 0.278913
 0.000000 0.303704 -0.952766
 1.000000 1.000000 1.000000 1.000000
 -4.535672 -2.971776 -25.895981
 0.295873 0.766552
 -0.579604 -0.808415 0.102587
 1.000000 1.000000 1.000000 1.000000
 -4.104606 -2.712392 -22.975571
 0.304662 0.630700
 -0.556830 -0.818632 0.140648
 1.000000 1.000000 1.000000 1.000000
 -5.247093 -0.653713 -22.106468
 0.413946 0.606233
 -0.956830 -0.174947 0.232100
 1.000000 1.000000 1.000000 1.000000
 -5.247093 -0.653713 -22.106468
 0.413946 0.606233
 -0.956830 -0.174947 0.232100
 1.000000 1.000000 1.000000 1.000000
 -5.668807 -0.555318 -25.418839
 0.413945 0.752952
 -0.988545 -0.110742 0.102548
 1.000000 1.000000 1.000000 1.000000
 -4.535672 -2.971776 -25.895981
 0.295873 0.766552
 -0.579604 -0.808415 0.102587
 1.000000 1.000000 1.000000 1.000000
 -2.041631 -3.107596 -24.051029
 0.200299 0.661414
 0.086261 -0.996012 -0.022801
 1.000000 1.000000 1.000000 1.000000
 -4.104606 -2.712392 -22.975571
 0.304662 0.630700
 -0.556830 -0.818632 0.140648
 1.000000 1.000000 1.000000 1.000000
 -4.535672 -2.971776 -25.895981
 0.295873 0.766552
 -0.579604 -0.808415 0.102587
 1.000000 1.000000 1.000000 1.000000
 -4.535672 -2.971776 -25.895981
 0.295873 0.766552
 -0.579604 -0.808415 0.102587
 1.000000 1.000000 1.000000 1.000000
 -2.042195 -3.333346 -26.280500
 0.184963 0.769132
 0.354033 -0.935155 -0.012086
 1.000000 1.000000 1.000000 1.000000
 -2.041631 -3.107596 -24.051029
 0.200299 0.661414
 0.086261 -0.996012 -0.022801
 1.000000 1.000000 1.000000 1.000000
 -3.783069 1.145958 -19.299511
 0.508408 0.017351
 -0.774805 0.415611 0.476388
 1.000000 1.000000 1.000000 1.000000
 -2.587473 2.299440 -19.379387
 0.610219 0.017351
 -0.458895 0.694535 0.554109
 1.000000 1.000000 1.000000 1.000000
 -3.239681 3.364599 -21.254623
 0.623916 0.118634
 -0.521728 0.809592 0.268998
 1.000000 1.000000 1.000000 1.000000
 -3.239681 3.364599 -21.254623
 0.623916 0.118634
 -0.521728 0.809592 0.268998
 1.000000 1.000000 1.000000 1.000000
 -4.640785 1.545385 -21.217522
 0.519387 0.123863
 -0.873716 0.402357 0.273366
 1.000000 1.000000 1.000000 1.000000
 -3.783069 1.145958 -19.299511
 0.508408 0.017351
 -0.774805 0.415611 0.476388
 1.000000 1.000000 1.000000 1.000000
 -3.239681 3.364599 -21.254623
 0.623916 0.118634
 -0.521728 0.809592 0.268998
 1.000000 1.000000 1.000000 1.000000
 -1.489098 3.769968 -21.269753
 0.702518 0.110880
 -0.062038 0.967945 0.243380
 1.000000 1.000000 1.000000 1.000000
 -1.578304 3.966342 -23.881775
 0.711950 0.211809
 -0.017773 0.943264 -0.331569
 1.000000 1.000000 1.000000 1.000000
 -1.578304 3.966342 -23.881775
 0.711950 0.211809
 -0.017773 0.943264 -0.331569
 1.000000 1.000000 1.000000 1.000000
 -3.473099 3.280977 -23.789150
 0.627166 0.225677
 -0.550965 0.833003 -0.050439
 1.000000 1.000000 1.000000 1.000000
 -3.239681 3.364599 -21.254623
 0.623916 0.118634
 -0.521728 0.809592 0.268998
 1.000000 1.000000 1.000000 1.000000
 -1.800525 -3.176639 -22.205627
 0.204544 0.594669
 -0.202162 -0.977744 0.056091
 1.000000 1.000000 1.000000 1.000000
 -3.909284 -2.685049 -22.145638
 0.304204 0.590875
 -0.552042 -0.799176 0.237836
 1.000000 1.000000 1.000000 1.000000
 -4.104606 -2.712392 -22.975571
 0.304662 0.630700
 -0.556830 -0.818632 0.140648
 1.000000 1.000000 1.000000 1.000000
 -4.104606 -2.712392 -22.975571
 0.304662 0.630700
 -0.556830 -0.818632 0.140648
 1.000000 1.000000 1.000000 1.000000
 -2.041631 -3.107596 -24.051029
 0.200299 0.661414
 0.086261 -0.996012 -0.022801
 1.000000 1.000000 1.000000 1.000000
 -1.800525 -3.176639 -22.205627
 0.204544 0.594669
 -0.202162 -0.977744 0.056091
 1.000000 1.000000 1.000000 1.000000
 -4.215831 -0.493981 -19.377056
 0.413945 0.451378
 -0.881172 -0.211529 0.422837
 1.000000 1.000000 1.000000 1.000000
 -5.247093 -0.653713 -22.106468
 0.413946 0.606233
 -0.956830 -0.174947 0.232100
 1.000000 1.000000 1.000000 1.000000
 -3.909284 -2.685049 -22.145638
 0.304204 0.590875
 -0.552042 -0.799176 0.237836
 1.000000 1.000000 1.000000 1.000000
 -3.909284 -2.685049 -22.145638
 0.304204 0.590875
 -0.552042 -0.799176 0.237836
 1.000000 1.000000 1.000000 1.000000
 -2.974008 -1.947829 -19.706806
 0.310964 0.471650
 -0.553109 -0.714675 0.428148
 1.000000 1.000000 1.000000 1.000000
 -4.215831 -0.493981 -19.377056
 0.413945 0.451378
 -0.881172 -0.211529 0.422837
 1.000000 1.000000 1.000000 1.000000
 0.078951 3.612383 -21.262035
 0.771982 0.105469
 0.000000 0.956558 0.291541
 1.000000 1.000000 1.000000 1.000000
 -1.489098 3.769968 -21.269753
 0.702518 0.110880
 -0.062038 0.967945 0.243380
 1.000000 1.000000 1.000000 1.000000
 -1.249347 2.982620 -19.515926
 0.699715 0.017351
 0.004236 0.848213 0.529639
 1.000000 1.000000 1.000000 1.000000
 -1.249347 2.982620 -19.515926
 0.699715 0.017351
 0.004236 0.848213 0.529639
 1.000000 1.000000 1.000000 1.000000
 0.078951 2.377995 -19.805016
 0.771982 0.017351
 0.000000 0.762992 0.646407
 1.000000 1.000000 1.000000 1.000000
 0.078951 3.612383 -21.262035
 0.771982 0.105469
 0.000000 0.956558 0.291541
 1.000000 1.000000 1.000000 1.000000
 -1.506150 -2.993703 -20.091473
 0.211451 0.489490
 -0.277140 -0.934654 0.222743
 1.000000 1.000000 1.000000 1.000000
 -2.974008 -1.947829 -19.706806
 0.310964 0.471650
 -0.553109 -0.714675 0.428148
 1.000000 1.000000 1.000000 1.000000
 -3.909284 -2.685049 -22.145638
 0.304204 0.590875
 -0.552042 -0.799176 0.237836
 1.000000 1.000000 1.000000 1.000000
 -4.640785 1.545385 -21.217522
 0.519387 0.123863
 -0.873716 0.402357 0.273366
 1.000000 1.000000 1.000000 1.000000
 -5.247093 -0.653713 -22.106468
 0.413946 0.172206
 -0.956830 -0.174947 0.232100
 1.000000 1.000000 1.000000 1.000000
 -4.215831 -0.493981 -19.377056
 0.413945 0.021999
 -0.881172 -0.211529 0.422837
 1.000000 1.000000 1.000000 1.000000
 -4.215831 -0.493981 -19.377056
 0.413945 0.021999
 -0.881172 -0.211529 0.422837
 1.000000 1.000000 1.000000 1.000000
 -3.783069 1.145958 -19.299511
 0.508408 0.017351
 -0.774805 0.415611 0.476388
 1.000000 1.000000 1.000000 1.000000
 -4.640785 1.545385 -21.217522
 0.519387 0.123863
 -0.873716 0.402357 0.273366
 1.000000 1.000000 1.000000 1.000000
 -1.249347 2.982620 -19.515926
 0.699715 0.017351
 0.004236 0.848213 0.529639
 1.000000 1.000000 1.000000 1.000000
 -1.489098 3.769968 -21.269753
 0.702518 0.110880
 -0.062038 0.967945 0.243380
 1.000000 1.000000 1.000000 1.000000
 -3.239681 3.364599 -21.254623
 0.623916 0.118634
 -0.521728 0.809592 0.268998
 1.000000 1.000000 1.000000 1.000000
 -3.239681 3.364599 -21.254623
 0.623916 0.118634
 -0.521728 0.809592 0.268998
 1.000000 1.000000 1.000000 1.000000
 -2.587473 2.299440 -19.379387
 0.610219 0.017351
 -0.458895 0.694535 0.554109
 1.000000 1.000000 1.000000 1.000000
 -1.249347 2.982620 -19.515926
 0.699715 0.017351
 0.004236 0.848213 0.529639
 1.000000 1.000000 1.000000 1.000000
 -1.506150 -2.993703 -20.091473
 0.211451 0.489490
 -0.277140 -0.934654 0.222743
 1.000000 1.000000 1.000000 1.000000
 -1.091349 -3.316252 -22.226528
 0.170206 0.592057
 -0.116889 -0.990556 -0.071657
 1.000000 1.000000 1.000000 1.000000
 0.078951 -3.494731 -21.492542
 0.116243 0.553398
 -0.000000 -0.997697 0.067827
 1.000000 1.000000 1.000000 1.000000
 0.078951 -3.494731 -21.492542
 0.116243 0.553398
 -0.000000 -0.997697 0.067827
 1.000000 1.000000 1.000000 1.000000
 0.078951 -3.243917 -20.263693
 0.116243 0.501653
 0.000000 -0.979799 0.199982
 1.000000 1.000000 1.000000 1.000000
 -1.506150 -2.993703 -20.091473
 0.211451 0.489490
 -0.277140 -0.934654 0.222743
 1.000000 1.000000 1.000000 1.000000
 -0.788697 0.522218 -28.171501
 0.812275 0.488093
 0.938381 0.308683 -0.155420
 1.000000 1.000000 1.000000 1.000000
 -2.148728 2.711543 -28.067713
 0.690140 0.461145
 0.458686 0.875337 -0.152944
 1.000000 1.000000 1.000000 1.000000
 -1.734599 2.570692 -26.199110
 0.727276 0.352688
 0.640584 0.767787 -0.012453
 1.000000 1.000000 1.000000 1.000000
 -1.734599 2.570692 -26.199110
 0.727276 0.352688
 0.640584 0.767787 -0.012453
 1.000000 1.000000 1.000000 1.000000
 -0.310581 -0.003266 -26.065481
 0.870314 0.364930
 0.969857 0.123680 -0.209952
 1.000000 1.000000 1.000000 1.000000
 -0.788697 0.522218 -28.171501
 0.812275 0.488093
 0.938381 0.308683 -0.155420
 1.000000 1.000000 1.000000 1.000000
 -0.137246 -0.112039 -25.479162
 0.012646 0.714474
 0.767876 -0.026164 -0.640064
 1.000000 1.000000 1.000000 1.000000
 -0.853849 -2.497953 -24.670235
 0.137109 0.672861
 0.308123 -0.836216 -0.453656
 1.000000 1.000000 1.000000 1.000000
 -0.887152 -1.680308 -26.352287
 0.094371 0.765112
 0.898006 -0.406918 -0.167341
 1.000000 1.000000 1.000000 1.000000
 -0.887152 -1.680308 -26.352287
 0.094371 0.765112
 0.898006 -0.406918 -0.167341
 1.000000 1.000000 1.000000 1.000000
 -0.310581 -0.003266 -26.065481
 0.012646 0.748226
 0.969857 0.123680 -0.209952
 1.000000 1.000000 1.000000 1.000000
 -0.137246 -0.112039 -25.479162
 0.012646 0.714474
 0.767876 -0.026164 -0.640064
 1.000000 1.000000 1.000000 1.000000
 0.078951 -2.625679 -24.813650
 0.094753 0.656839
 0.000000 -0.568160 -0.822918
 1.000000 1.000000 1.000000 1.000000
 -0.853849 -2.497953 -24.670235
 0.137109 0.672861
 0.308123 -0.836216 -0.453656
 1.000000 1.000000 1.000000 1.000000
 -0.137246 -0.112039 -25.479162
 0.012646 0.714474
 0.767876 -0.026164 -0.640064
 1.000000 1.000000 1.000000 1.000000
 -0.137246 -0.112039 -25.479162
 0.012646 0.714474
 0.767876 -0.026164 -0.640064
 1.000000 1.000000 1.000000 1.000000
 0.078951 -0.112901 -25.302843
 0.012646 0.669825
 0.000000 -0.105829 -0.994384
 1.000000 1.000000 1.000000 1.000000
 0.078951 -2.625679 -24.813650
 0.094753 0.656839
 0.000000 -0.568160 -0.822918
 1.000000 1.000000 1.000000 1.000000
 0.078951 -3.428098 -22.222145
 0.116243 0.586918
 -0.000000 -0.982179 -0.187950
 1.000000 1.000000 1.000000 1.000000
 -0.853849 -2.497953 -24.670235
 0.137109 0.672861
 0.308123 -0.836216 -0.453656
 1.000000 1.000000 1.000000 1.000000
 0.078951 -3.145993 -24.117317
 0.104155 0.639406
 -0.000000 -0.954576 -0.297968
 1.000000 1.000000 1.000000 1.000000
 0.078951 1.698313 -25.323847
 0.826871 0.278913
 0.000000 0.303704 -0.952766
 1.000000 1.000000 1.000000 1.000000
 0.078951 -0.112901 -25.302843
 0.883640 0.320484
 0.000000 -0.105829 -0.994384
 1.000000 1.000000 1.000000 1.000000
 -0.137246 -0.112039 -25.479162
 0.878382 0.334624
 0.767876 -0.026164 -0.640064
 1.000000 1.000000 1.000000 1.000000
 -1.614202 2.417984 -25.313419
 0.742233 0.299573
 0.473515 0.740249 -0.477299
 1.000000 1.000000 1.000000 1.000000
 0.078951 1.698313 -25.323847
 0.826871 0.278913
 0.000000 0.303704 -0.952766
 1.000000 1.000000 1.000000 1.000000
 -0.137246 -0.112039 -25.479162
 0.878382 0.334624
 0.767876 -0.026164 -0.640064
 1.000000 1.000000 1.000000 1.000000
 -3.148980 3.061764 -26.004295
 0.651782 0.341628
 -0.035951 0.999232 -0.015561
 1.000000 1.000000 1.000000 1.000000
 -1.734599 2.570692 -26.199110
 0.727276 0.352688
 0.640584 0.767787 -0.012453
 1.000000 1.000000 1.000000 1.000000
 -2.148728 2.711543 -28.067713
 0.690140 0.461145
 0.458686 0.875337 -0.152944
 1.000000 1.000000 1.000000 1.000000
 -4.640785 1.545385 -21.217522
 0.519387 0.123863
 -0.873716 0.402357 0.273366
 1.000000 1.000000 1.000000 1.000000
 -4.852940 1.950692 -24.175997
 0.539524 0.256515
 -0.834634 0.541336 0.101698
 1.000000 1.000000 1.000000 1.000000
 -5.247093 -0.653713 -22.106468
 0.413946 0.172206
 -0.956830 -0.174947 0.232100
 1.000000 1.000000 1.000000 1.000000
 -3.473099 3.280977 -23.789150
 0.627166 0.225677
 -0.550965 0.833003 -0.050439
 1.000000 1.000000 1.000000 1.000000
 -4.852940 1.950692 -24.175997
 0.539524 0.256515
 -0.834634 0.541336 0.101698
 1.000000 1.000000 1.000000 1.000000
 -4.640785 1.545385 -21.217522
 0.519387 0.123863
 -0.873716 0.402357 0.273366
 1.000000 1.000000 1.000000 1.000000
 -4.640785 1.545385 -21.217522
 0.519387 0.123863
 -0.873716 0.402357 0.273366
 1.000000 1.000000 1.000000 1.000000
 -3.239681 3.364599 -21.254623
 0.623916 0.118634
 -0.521728 0.809592 0.268998
 1.000000 1.000000 1.000000 1.000000
 -3.473099 3.280977 -23.789150
 0.627166 0.225677
 -0.550965 0.833003 -0.050439
 1.000000 1.000000 1.000000 1.000000
 -3.473099 3.280977 -23.789150
 0.627166 0.225677
 -0.550965 0.833003 -0.050439
 1.000000 1.000000 1.000000 1.000000
 -3.275328 3.141851 -24.987780
 0.644477 0.282317
 -0.305322 0.915657 -0.261439
 1.000000 1.000000 1.000000 1.000000
 -4.852940 1.950692 -24.175997
 0.539524 0.256515
 -0.834634 0.541336 0.101698
 1.000000 1.000000 1.000000 1.000000
 -2.041631 -3.107596 -24.051029
 0.200299 0.661414
 0.086261 -0.996012 -0.022801
 1.000000 1.000000 1.000000 1.000000
 -0.853849 -2.497953 -24.670235
 0.137109 0.672861
 0.308123 -0.836216 -0.453656
 1.000000 1.000000 1.000000 1.000000
 -1.091349 -3.316252 -22.226528
 0.170206 0.592057
 -0.116889 -0.990556 -0.071657
 1.000000 1.000000 1.000000 1.000000
 -0.853849 -2.497953 -24.670235
 0.137109 0.672861
 0.308123 -0.836216 -0.453656
 1.000000 1.000000 1.000000 1.000000
 0.078951 -2.625679 -24.813650
 0.094753 0.656839
 0.000000 -0.568160 -0.822918
 1.000000 1.000000 1.000000 1.000000
 0.078951 -3.145993 -24.117317
 0.104155 0.639406
 -0.000000 -0.954576 -0.297968
 1.000000 1.000000 1.000000 1.000000
 -5.247093 -0.653713 -22.106468
 0.413946 0.606233
 -0.956830 -0.174947 0.232100
 1.000000 1.000000 1.000000 1.000000
 -4.104606 -2.712392 -22.975571
 0.304662 0.630700
 -0.556830 -0.818632 0.140648
 1.000000 1.000000 1.000000 1.000000
 -3.909284 -2.685049 -22.145638
 0.304204 0.590875
 -0.552042 -0.799176 0.237836
 1.000000 1.000000 1.000000 1.000000
 -1.800525 -3.176639 -22.205627
 0.204544 0.594669
 -0.202162 -0.977744 0.056091
 1.000000 1.000000 1.000000 1.000000
 -2.041631 -3.107596 -24.051029
 0.200299 0.661414
 0.086261 -0.996012 -0.022801
 1.000000 1.000000 1.000000 1.000000
 -1.091349 -3.316252 -22.226528
 0.170206 0.592057
 -0.116889 -0.990556 -0.071657
 1.000000 1.000000 1.000000 1.000000
 -1.506150 -2.993703 -20.091473
 0.211451 0.489490
 -0.277140 -0.934654 0.222743
 1.000000 1.000000 1.000000 1.000000
 -1.800525 -3.176639 -22.205627
 0.204544 0.594669
 -0.202162 -0.977744 0.056091
 1.000000 1.000000 1.000000 1.000000
 -1.091349 -3.316252 -22.226528
 0.170206 0.592057
 -0.116889 -0.990556 -0.071657
 1.000000 1.000000 1.000000 1.000000
 0.078951 -3.494731 -21.492542
 0.116243 0.553398
 -0.000000 -0.997697 0.067827
 1.000000 1.000000 1.000000 1.000000
 -1.091349 -3.316252 -22.226528
 0.170206 0.592057
 -0.116889 -0.990556 -0.071657
 1.000000 1.000000 1.000000 1.000000
 0.078951 -3.428098 -22.222145
 0.116243 0.586918
 -0.000000 -0.982179 -0.187950
 1.000000 1.000000 1.000000 1.000000
 -0.788697 0.522218 -28.171501
 0.812275 0.488093
 0.938381 0.308683 -0.155420
 1.000000 1.000000 1.000000 1.000000
 -0.310581 -0.003266 -26.065481
 0.870314 0.364930
 0.969857 0.123680 -0.209952
 1.000000 1.000000 1.000000 1.000000
 -0.778919 0.093727 -28.175756
 0.833067 0.492353
 0.988287 -0.051048 -0.143812
 1.000000 1.000000 1.000000 1.000000
 0.078951 -3.428098 -22.222145
 0.116243 0.586918
 -0.000000 -0.982179 -0.187950
 1.000000 1.000000 1.000000 1.000000
 -1.091349 -3.316252 -22.226528
 0.170206 0.592057
 -0.116889 -0.990556 -0.071657
 1.000000 1.000000 1.000000 1.000000
 -0.853849 -2.497953 -24.670235
 0.137109 0.672861
 0.308123 -0.836216 -0.453656
 1.000000 1.000000 1.000000 1.000000
 -1.800525 -3.176639 -22.205627
 0.204544 0.594669
 -0.202162 -0.977744 0.056091
 1.000000 1.000000 1.000000 1.000000
 -1.506150 -2.993703 -20.091473
 0.211451 0.489490
 -0.277140 -0.934654 0.222743
 1.000000 1.000000 1.000000 1.000000
 -3.909284 -2.685049 -22.145638
 0.304204 0.590875
 -0.552042 -0.799176 0.237836
 1.000000 1.000000 1.000000 1.000000
 0.078951 -3.498878 -21.111145
 0.905916 0.011105
 0.000000 -0.999203 0.039906
 1.000000 1.000000 1.000000 1.000000
 -1.584807 -3.286832 -20.991226
 0.906135 0.106687
 -0.219027 -0.972302 0.081580
 1.000000 1.000000 1.000000 1.000000
 -1.321597 -3.408753 -22.148319
 0.985540 0.098267
 -0.204612 -0.978022 0.040075
 1.000000 1.000000 1.000000 1.000000
 -1.321597 -3.408753 -22.148319
 0.985540 0.098267
 -0.204612 -0.978022 0.040075
 1.000000 1.000000 1.000000 1.000000
 0.078951 -3.510831 -22.149258
 0.985537 0.011111
 0.000000 -0.999934 0.011513
 1.000000 1.000000 1.000000 1.000000
 0.078951 -3.498878 -21.111145
 0.905916 0.011105
 0.000000 -0.999203 0.039906
 1.000000 1.000000 1.000000 1.000000
 -3.878323 -2.732396 -21.739395
 0.985540 0.217747
 -0.567156 -0.756109 0.326546
 1.000000 1.000000 1.000000 1.000000
 -3.388126 -2.530249 -20.647831
 0.905916 0.215300
 -0.538553 -0.751519 0.381025
 1.000000 1.000000 1.000000 1.000000
 -4.691680 -0.515654 -20.373550
 0.905916 0.341094
 -0.890668 -0.195102 0.410664
 1.000000 1.000000 1.000000 1.000000
 -4.691680 -0.515654 -20.373550
 0.905916 0.341094
 -0.890668 -0.195102 0.410664
 1.000000 1.000000 1.000000 1.000000
 -5.170060 -0.473734 -21.475086
 0.985540 0.342605
 -0.904221 -0.183332 0.385713
 1.000000 1.000000 1.000000 1.000000
 -3.878323 -2.732396 -21.739395
 0.985540 0.217747
 -0.567156 -0.756109 0.326546
 1.000000 1.000000 1.000000 1.000000
 -4.777975 1.644246 -21.340054
 0.985544 0.454834
 -0.806475 0.354684 0.473073
 1.000000 1.000000 1.000000 1.000000
 -5.170060 -0.473734 -21.475086
 0.985540 0.342605
 -0.904221 -0.183332 0.385713
 1.000000 1.000000 1.000000 1.000000
 -4.691680 -0.515654 -20.373550
 0.905916 0.341094
 -0.890668 -0.195102 0.410664
 1.000000 1.000000 1.000000 1.000000
 -4.691680 -0.515654 -20.373550
 0.905916 0.341094
 -0.890668 -0.195102 0.410664
 1.000000 1.000000 1.000000 1.000000
 -4.293034 1.334345 -20.309029
 0.905916 0.455525
 -0.810805 0.346377 0.471824
 1.000000 1.000000 1.000000 1.000000
 -4.777975 1.644246 -21.340054
 0.985544 0.454834
 -0.806475 0.354684 0.473073
 1.000000 1.000000 1.000000 1.000000
 -3.878323 -2.732396 -21.739395
 0.985540 0.217747
 -0.567156 -0.756109 0.326546
 1.000000 1.000000 1.000000 1.000000
 -1.719963 -3.258540 -22.098965
 0.985542 0.120430
 -0.294538 -0.955570 0.011531
 1.000000 1.000000 1.000000 1.000000
 -1.584807 -3.286832 -20.991226
 0.906135 0.106687
 -0.219027 -0.972302 0.081580
 1.000000 1.000000 1.000000 1.000000
 -4.293034 1.334345 -20.309029
 0.905916 0.455525
 -0.810805 0.346377 0.471824
 1.000000 1.000000 1.000000 1.000000
 -3.146515 3.038433 -20.333042
 0.905916 0.580537
 -0.532704 0.714006 0.454336
 1.000000 1.000000 1.000000 1.000000
 -3.335074 3.505087 -21.279984
 0.985541 0.578069
 -0.481425 0.736966 0.474459
 1.000000 1.000000 1.000000 1.000000
 -3.335074 3.505087 -21.279984
 0.985541 0.578069
 -0.481425 0.736966 0.474459
 1.000000 1.000000 1.000000 1.000000
 -4.777975 1.644246 -21.340054
 0.985544 0.454834
 -0.806475 0.354684 0.473073
 1.000000 1.000000 1.000000 1.000000
 -4.293034 1.334345 -20.309029
 0.905916 0.455525
 -0.810805 0.346377 0.471824
 1.000000 1.000000 1.000000 1.000000
 -1.643437 3.933683 -21.314735
 0.985691 0.678981
 -0.095475 0.890968 0.443914
 1.000000 1.000000 1.000000 1.000000
 -3.335074 3.505087 -21.279984
 0.985541 0.578069
 -0.481425 0.736966 0.474459
 1.000000 1.000000 1.000000 1.000000
 -3.146515 3.038433 -20.333042
 0.905916 0.580537
 -0.532704 0.714006 0.454336
 1.000000 1.000000 1.000000 1.000000
 -3.146515 3.038433 -20.333042
 0.905916 0.580537
 -0.532704 0.714006 0.454336
 1.000000 1.000000 1.000000 1.000000
 -1.486587 3.490935 -20.384190
 0.906113 0.679835
 -0.100185 0.901001 0.422090
 1.000000 1.000000 1.000000 1.000000
 -1.643437 3.933683 -21.314735
 0.985691 0.678981
 -0.095475 0.890968 0.443914
 1.000000 1.000000 1.000000 1.000000
 0.078951 3.903373 -21.408855
 0.985535 0.757459
 0.000000 0.931351 0.364122
 1.000000 1.000000 1.000000 1.000000
 -1.643437 3.933683 -21.314735
 0.985691 0.678981
 -0.095475 0.890968 0.443914
 1.000000 1.000000 1.000000 1.000000
 -1.486587 3.490935 -20.384190
 0.906113 0.679835
 -0.100185 0.901001 0.422090
 1.000000 1.000000 1.000000 1.000000
 -1.486587 3.490935 -20.384190
 0.906113 0.679835
 -0.100185 0.901001 0.422090
 1.000000 1.000000 1.000000 1.000000
 0.078951 3.551497 -20.393635
 0.905912 0.757352
 0.000000 0.944855 0.327488
 1.000000 1.000000 1.000000 1.000000
 0.078951 3.903373 -21.408855
 0.985535 0.757459
 0.000000 0.931351 0.364122
 1.000000 1.000000 1.000000 1.000000
 -1.719963 -3.258540 -22.098965
 0.985542 0.120430
 -0.294538 -0.955570 0.011531
 1.000000 1.000000 1.000000 1.000000
 -1.321597 -3.408753 -22.148319
 0.985540 0.098267
 -0.204612 -0.978022 0.040075
 1.000000 1.000000 1.000000 1.000000
 -1.584807 -3.286832 -20.991226
 0.906135 0.106687
 -0.219027 -0.972302 0.081580
 1.000000 1.000000 1.000000 1.000000
 -3.388126 -2.530249 -20.647831
 0.905916 0.215300
 -0.538553 -0.751519 0.381025
 1.000000 1.000000 1.000000 1.000000
 -3.878323 -2.732396 -21.739395
 0.985540 0.217747
 -0.567156 -0.756109 0.326546
 1.000000 1.000000 1.000000 1.000000
 -1.584807 -3.286832 -20.991226
 0.906135 0.106687
 -0.219027 -0.972302 0.081580
 1.000000 1.000000 1.000000 1.000000
 -1.256895 -3.451801 -22.722740
 0.710189 0.806871
 -0.128866 -0.990650 0.044790
 1.000000 1.000000 1.000000 1.000000
 0.078951 -3.653569 -22.718731
 0.631784 0.806886
 0.000000 -0.998345 0.057502
 1.000000 1.000000 1.000000 1.000000
 0.078951 -3.522522 -20.443520
 0.631761 0.648576
 0.000000 -0.999438 0.033531
 1.000000 1.000000 1.000000 1.000000
 0.078951 -3.522522 -20.443520
 0.631761 0.648576
 0.000000 -0.999438 0.033531
 1.000000 1.000000 1.000000 1.000000
 -1.256895 -3.403491 -20.446838
 0.710200 0.648376
 -0.088786 -0.995826 0.021138
 1.000000 1.000000 1.000000 1.000000
 -1.256895 -3.451801 -22.722740
 0.710189 0.806871
 -0.128866 -0.990650 0.044790
 1.000000 1.000000 1.000000 1.000000
 184
 0 1 2
 3 4 5
 6 7 8
 9 10 11
 12 13 14
 15 16 17
 18 19 20
 21 22 23
 24 25 26
 27 28 29
 30 31 32
 33 34 35
 36 37 38
 39 40 41
 42 43 44
 45 46 47
 48 49 50
 51 52 53
 54 55 56
 57 58 59
 60 61 62
 63 64 65
 66 67 68
 69 70 71
 72 73 74
 75 76 77
 78 79 80
 81 82 83
 84 85 86
 87 88 89
 90 91 92
 93 94 95
 96 97 98
 99 100 101
 102 103 104
 105 106 107
 108 109 110
 111 112 113
 114 115 116
 117 118 119
 120 121 122
 123 124 125
 126 127 128
 129 130 131
 132 133 134
 135 136 137
 138 139 140
 141 142 143
 144 145 146
 147 148 149
 150 151 152
 153 154 155
 156 157 158
 159 160 161
 162 163 164
 165 166 167
 168 169 170
 171 172 173
 174 175 176
 177 178 179
 180 181 182
 183 184 185
 186 187 188
 189 190 191
 192 193 194
 195 196 197
 198 199 200
 201 202 203
 204 205 206
 207 208 209
 210 211 212
 213 214 215
 216 217 218
 219 220 221
 222 223 224
 225 226 227
 228 229 230
 231 232 233
 234 235 236
 237 238 239
 240 241 242
 243 244 245
 246 247 248
 249 250 251
 252 253 254
 255 256 257
 258 259 260
 261 262 263
 264 265 266
 267 268 269
 270 271 272
 273 274 275
 276 277 278
 279 280 281
 282 283 284
 285 286 287
 288 289 290
 291 292 293
 294 295 296
 297 298 299
 300 301 302
 303 304 305
 306 307 308
 309 310 311
 312 313 314
 315 316 317
 318 319 320
 321 322 323
 324 325 326
 327 328 329
 330 331 332
 333 334 335
 336 337 338
 339 340 341
 342 343 344
 345 346 347
 348 349 350
 351 352 353
 354 355 356
 357 358 359
 360 361 362
 363 364 365
 366 367 368
 369 370 371
 372 373 374
 375 376 377
 378 379 380
 381 382 383
 384 385 386
 387 388 389
 390 391 392
 393 394 395
 396 397 398
 399 400 401
 402 403 404
 405 406 407
 408 409 410
 411 412 413
 414 415 416
 417 418 419
 420 421 422
 423 424 425
 426 427 428
 429 430 431
 432 433 434
 435 436 437
 438 439 440
 441 442 443
 444 445 446
 447 448 449
 450 451 452
 453 454 455
 456 457 458
 459 460 461
 462 463 464
 465 466 467
 468 469 470
 471 472 473
 474 475 476
 477 478 479
 480 481 482
 483 484 485
 486 487 488
 489 490 491
 492 493 494
 495 496 497
 498 499 500
 501 502 503
 504 505 506
 507 508 509
 510 511 512
 513 514 515
 516 517 518
 519 520 521
 522 523 524
 525 526 527
 528 529 530
 531 532 533
 534 535 536
 537 538 539
 540 541 542
 543 544 545
 546 547 548
 549 550 551
