 456
 4.163619 -0.556144 -8.206837
 0.938881 0.079405
 0.338792 -0.871798 0.353821
 1.000000 1.000000 1.000000 1.000000
 4.644786 -0.475626 -8.222874
 0.938295 0.094066
 0.167511 -0.980426 0.103463
 1.000000 1.000000 1.000000 1.000000
 4.696805 -0.000222 -7.520142
 0.909141 0.091930
 0.011085 -0.864524 0.502469
 1.000000 1.000000 1.000000 1.000000
 4.696805 -0.000222 -7.520142
 0.909141 0.091930
 0.011085 -0.864524 0.502469
 1.000000 1.000000 1.000000 1.000000
 4.171185 -0.009605 -7.575851
 0.908099 0.081385
 -0.064640 -0.806982 0.587028
 1.000000 1.000000 1.000000 1.000000
 4.163619 -0.556144 -8.206837
 0.938881 0.079405
 0.338792 -0.871798 0.353821
 1.000000 1.000000 1.000000 1.000000
 4.140471 -0.191453 -9.145901
 0.951479 0.083404
 0.877520 -0.406776 -0.253952
 1.000000 1.000000 1.000000 1.000000
 4.365557 0.603708 -9.221195
 0.973754 0.089534
 0.911282 -0.165910 -0.376882
 1.000000 1.000000 1.000000 1.000000
 5.422537 -0.345479 -8.248795
 0.937349 0.117763
 0.199401 -0.964330 0.174090
 1.000000 1.000000 1.000000 1.000000
 5.422537 -0.345479 -8.248795
 0.937349 0.117763
 0.199401 -0.964330 0.174090
 1.000000 1.000000 1.000000 1.000000
 4.644786 -0.475626 -8.222874
 0.938295 0.094066
 0.167511 -0.980426 0.103463
 1.000000 1.000000 1.000000 1.000000
 4.140471 -0.191453 -9.145901
 0.951479 0.083404
 0.877520 -0.406776 -0.253952
 1.000000 1.000000 1.000000 1.000000
 1.101472 0.015045 -6.741554
 0.656282 0.388730
 0.466407 -0.799897 0.377663
 1.000000 1.000000 1.000000 1.000000
 1.513834 0.791014 -6.033360
 0.611989 0.318849
 0.913584 -0.367347 0.174417
 1.000000 1.000000 1.000000 1.000000
 1.483001 0.518131 -4.363010
 0.627444 0.275712
 0.998660 -0.044469 -0.026459
 1.000000 1.000000 1.000000 1.000000
 1.483001 0.518131 -4.363010
 0.627444 0.275712
 0.998660 -0.044469 -0.026459
 1.000000 1.000000 1.000000 1.000000
 1.271937 -0.411836 -4.441277
 0.665588 0.269611
 0.828316 -0.536638 -0.160972
 1.000000 1.000000 1.000000 1.000000
 1.101472 0.015045 -6.741554
 0.656282 0.388730
 0.466407 -0.799897 0.377663
 1.000000 1.000000 1.000000 1.000000
 2.621188 3.327775 -8.861721
 0.142150 0.514031
 -0.109272 0.976154 0.187572
 1.000000 1.000000 1.000000 1.000000
 1.471755 3.053779 -8.566803
 0.079731 0.506553
 -0.179707 0.978014 0.105807
 1.000000 1.000000 1.000000 1.000000
 1.554009 2.460431 -6.290279
 0.070526 0.403837
 0.213710 0.790502 0.573964
 1.000000 1.000000 1.000000 1.000000
 1.554009 2.460431 -6.290279
 0.070526 0.403837
 0.213710 0.790502 0.573964
 1.000000 1.000000 1.000000 1.000000
 4.205165 2.531355 -7.238285
 0.227671 0.452775
 0.145231 0.729129 0.668789
 1.000000 1.000000 1.000000 1.000000
 2.621188 3.327775 -8.861721
 0.142150 0.514031
 -0.109272 0.976154 0.187572
 1.000000 1.000000 1.000000 1.000000
 1.831314 -2.057232 -8.797321
 0.596973 0.513528
 0.138460 -0.576087 0.805576
 1.000000 1.000000 1.000000 1.000000
 1.941312 -0.666916 -7.946815
 0.594364 0.464685
 0.179794 -0.676365 0.714286
 1.000000 1.000000 1.000000 1.000000
 0.078951 -1.486050 -8.186260
 0.737262 0.477926
 0.000000 -0.697761 0.716331
 1.000000 1.000000 1.000000 1.000000
 0.078951 -1.486050 -8.186260
 0.737262 0.477926
 0.000000 -0.697761 0.716331
 1.000000 1.000000 1.000000 1.000000
 0.752494 -2.357514 -9.092110
 0.694723 0.538099
 -0.106219 -0.683421 0.722256
 1.000000 1.000000 1.000000 1.000000
 1.831314 -2.057232 -8.797321
 0.596973 0.513528
 0.138460 -0.576087 0.805576
 1.000000 1.000000 1.000000 1.000000
 0.078951 -2.798114 -9.639126
 0.736515 0.560012
 -0.000000 -0.990790 0.135404
 1.000000 1.000000 1.000000 1.000000
 0.078951 -2.769595 -9.770855
 0.710897 0.594201
 0.000000 -0.977356 -0.211600
 1.000000 1.000000 1.000000 1.000000
 1.033793 -2.531035 -9.127785
 0.670630 0.560596
 -0.209976 -0.649116 0.731135
 1.000000 1.000000 1.000000 1.000000
 1.033793 -2.531035 -9.127785
 0.670630 0.560596
 -0.209976 -0.649116 0.731135
 1.000000 1.000000 1.000000 1.000000
 0.752494 -2.357514 -9.092110
 0.694723 0.538099
 -0.106219 -0.683421 0.722256
 1.000000 1.000000 1.000000 1.000000
 0.078951 -2.798114 -9.639126
 0.736515 0.560012
 -0.000000 -0.990790 0.135404
 1.000000 1.000000 1.000000 1.000000
 5.219098 1.816519 -6.591072
 0.842127 0.106659
 0.150065 0.412881 0.898337
 1.000000 1.000000 1.000000 1.000000
 5.142512 0.354277 -6.727585
 0.885929 0.100923
 0.088335 -0.577922 0.811297
 1.000000 1.000000 1.000000 1.000000
 6.167299 0.277757 -7.031639
 0.892039 0.135633
 0.206842 -0.621835 0.755339
 1.000000 1.000000 1.000000 1.000000
 6.167299 0.277757 -7.031639
 0.892039 0.135633
 0.206842 -0.621835 0.755339
 1.000000 1.000000 1.000000 1.000000
 6.231629 1.810440 -6.857952
 0.839267 0.137052
 0.225272 0.432364 0.873106
 1.000000 1.000000 1.000000 1.000000
 5.219098 1.816519 -6.591072
 0.842127 0.106659
 0.150065 0.412881 0.898337
 1.000000 1.000000 1.000000 1.000000
 6.167299 0.277757 -7.031639
 0.892039 0.135633
 0.206842 -0.621835 0.755339
 1.000000 1.000000 1.000000 1.000000
 5.142512 0.354277 -6.727585
 0.885929 0.100923
 0.088335 -0.577922 0.811297
 1.000000 1.000000 1.000000 1.000000
 4.696805 -0.000222 -7.520142
 0.909141 0.091930
 0.011085 -0.864524 0.502469
 1.000000 1.000000 1.000000 1.000000
 4.696805 -0.000222 -7.520142
 0.909141 0.091930
 0.011085 -0.864524 0.502469
 1.000000 1.000000 1.000000 1.000000
 5.422537 -0.345479 -8.248795
 0.937349 0.117763
 0.199401 -0.964330 0.174090
 1.000000 1.000000 1.000000 1.000000
 6.167299 0.277757 -7.031639
 0.892039 0.135633
 0.206842 -0.621835 0.755339
 1.000000 1.000000 1.000000 1.000000
 5.142512 0.354277 -6.727585
 0.885929 0.100923
 0.088335 -0.577922 0.811297
 1.000000 1.000000 1.000000 1.000000
 5.219098 1.816519 -6.591072
 0.842127 0.106659
 0.150065 0.412881 0.898337
 1.000000 1.000000 1.000000 1.000000
 4.185376 1.744539 -6.486156
 0.842203 0.084121
 -0.032708 0.296928 0.954340
 1.000000 1.000000 1.000000 1.000000
 4.185376 1.744539 -6.486156
 0.842203 0.084121
 -0.032708 0.296928 0.954340
 1.000000 1.000000 1.000000 1.000000
 4.181072 0.457831 -6.733887
 0.884774 0.084769
 -0.136322 -0.570979 0.809568
 1.000000 1.000000 1.000000 1.000000
 5.142512 0.354277 -6.727585
 0.885929 0.100923
 0.088335 -0.577922 0.811297
 1.000000 1.000000 1.000000 1.000000
 5.202610 2.373814 -7.384464
 0.814005 0.102298
 0.141180 0.788551 0.598544
 1.000000 1.000000 1.000000 1.000000
 5.219098 1.816519 -6.591072
 0.842127 0.106659
 0.150065 0.412881 0.898337
 1.000000 1.000000 1.000000 1.000000
 6.231629 1.810440 -6.857952
 0.839267 0.137052
 0.225272 0.432364 0.873106
 1.000000 1.000000 1.000000 1.000000
 6.231629 1.810440 -6.857952
 0.839267 0.137052
 0.225272 0.432364 0.873106
 1.000000 1.000000 1.000000 1.000000
 6.277878 2.254503 -7.587189
 0.815851 0.132332
 0.224495 0.825914 0.517173
 1.000000 1.000000 1.000000 1.000000
 5.202610 2.373814 -7.384464
 0.814005 0.102298
 0.141180 0.788551 0.598544
 1.000000 1.000000 1.000000 1.000000
 6.231629 1.810440 -6.857952
 0.839267 0.137052
 0.225272 0.432364 0.873106
 1.000000 1.000000 1.000000 1.000000
 6.167299 0.277757 -7.031639
 0.892039 0.135633
 0.206842 -0.621835 0.755339
 1.000000 1.000000 1.000000 1.000000
 7.251065 0.423491 -7.245159
 0.892893 0.155806
 0.207804 -0.397953 0.893561
 1.000000 1.000000 1.000000 1.000000
 7.251065 0.423491 -7.245159
 0.892893 0.155806
 0.207804 -0.397953 0.893561
 1.000000 1.000000 1.000000 1.000000
 7.452341 1.763994 -7.053837
 0.838194 0.156290
 0.160482 0.385289 0.908734
 1.000000 1.000000 1.000000 1.000000
 6.231629 1.810440 -6.857952
 0.839267 0.137052
 0.225272 0.432364 0.873106
 1.000000 1.000000 1.000000 1.000000
 4.696805 -0.000222 -7.520142
 0.909141 0.091930
 0.011085 -0.864524 0.502469
 1.000000 1.000000 1.000000 1.000000
 5.142512 0.354277 -6.727585
 0.885929 0.100923
 0.088335 -0.577922 0.811297
 1.000000 1.000000 1.000000 1.000000
 4.181072 0.457831 -6.733887
 0.884774 0.084769
 -0.136322 -0.570979 0.809568
 1.000000 1.000000 1.000000 1.000000
 4.181072 0.457831 -6.733887
 0.884774 0.084769
 -0.136322 -0.570979 0.809568
 1.000000 1.000000 1.000000 1.000000
 4.171185 -0.009605 -7.575851
 0.908099 0.081385
 -0.064640 -0.806982 0.587028
 1.000000 1.000000 1.000000 1.000000
 4.696805 -0.000222 -7.520142
 0.909141 0.091930
 0.011085 -0.864524 0.502469
 1.000000 1.000000 1.000000 1.000000
 4.185376 1.744539 -6.486156
 0.842203 0.084121
 -0.032708 0.296928 0.954340
 1.000000 1.000000 1.000000 1.000000
 3.323879 1.699508 -6.599174
 0.842251 0.070020
 0.102253 0.088590 0.990806
 1.000000 1.000000 1.000000 1.000000
 3.433217 0.524705 -6.894341
 0.884028 0.074337
 0.005773 -0.546999 0.837113
 1.000000 1.000000 1.000000 1.000000
 3.433217 0.524705 -6.894341
 0.884028 0.074337
 0.005773 -0.546999 0.837113
 1.000000 1.000000 1.000000 1.000000
 4.181072 0.457831 -6.733887
 0.884774 0.084769
 -0.136322 -0.570979 0.809568
 1.000000 1.000000 1.000000 1.000000
 4.185376 1.744539 -6.486156
 0.842203 0.084121
 -0.032708 0.296928 0.954340
 1.000000 1.000000 1.000000 1.000000
 5.202610 2.373814 -7.384464
 0.814005 0.102298
 0.141180 0.788551 0.598544
 1.000000 1.000000 1.000000 1.000000
 4.205165 2.531355 -7.238285
 0.817176 0.073642
 0.145231 0.729129 0.668789
 1.000000 1.000000 1.000000 1.000000
 4.185376 1.744539 -6.486156
 0.842203 0.084121
 -0.032708 0.296928 0.954340
 1.000000 1.000000 1.000000 1.000000
 4.185376 1.744539 -6.486156
 0.842203 0.084121
 -0.032708 0.296928 0.954340
 1.000000 1.000000 1.000000 1.000000
 5.219098 1.816519 -6.591072
 0.842127 0.106659
 0.150065 0.412881 0.898337
 1.000000 1.000000 1.000000 1.000000
 5.202610 2.373814 -7.384464
 0.814005 0.102298
 0.141180 0.788551 0.598544
 1.000000 1.000000 1.000000 1.000000
 6.937779 2.282016 -7.948250
 0.794924 0.153570
 0.158288 0.864779 0.476553
 1.000000 1.000000 1.000000 1.000000
 6.277878 2.254503 -7.587189
 0.815851 0.132332
 0.224495 0.825914 0.517173
 1.000000 1.000000 1.000000 1.000000
 6.231629 1.810440 -6.857952
 0.839267 0.137052
 0.225272 0.432364 0.873106
 1.000000 1.000000 1.000000 1.000000
 6.231629 1.810440 -6.857952
 0.839267 0.137052
 0.225272 0.432364 0.873106
 1.000000 1.000000 1.000000 1.000000
 7.452341 1.763994 -7.053837
 0.838194 0.156290
 0.160482 0.385289 0.908734
 1.000000 1.000000 1.000000 1.000000
 6.937779 2.282016 -7.948250
 0.794924 0.153570
 0.158288 0.864779 0.476553
 1.000000 1.000000 1.000000 1.000000
 3.433217 0.524705 -6.894341
 0.884028 0.074337
 0.005773 -0.546999 0.837113
 1.000000 1.000000 1.000000 1.000000
 3.784738 -0.016504 -7.616814
 0.907333 0.073633
 0.050741 -0.748319 0.661396
 1.000000 1.000000 1.000000 1.000000
 4.171185 -0.009605 -7.575851
 0.908099 0.081385
 -0.064640 -0.806982 0.587028
 1.000000 1.000000 1.000000 1.000000
 4.171185 -0.009605 -7.575851
 0.908099 0.081385
 -0.064640 -0.806982 0.587028
 1.000000 1.000000 1.000000 1.000000
 4.181072 0.457831 -6.733887
 0.884774 0.084769
 -0.136322 -0.570979 0.809568
 1.000000 1.000000 1.000000 1.000000
 3.433217 0.524705 -6.894341
 0.884028 0.074337
 0.005773 -0.546999 0.837113
 1.000000 1.000000 1.000000 1.000000
 1.101472 0.015045 -6.741554
 0.656282 0.388730
 0.466407 -0.799897 0.377663
 1.000000 1.000000 1.000000 1.000000
 0.078951 -0.317318 -6.828724
 0.735242 0.402490
 0.000000 -0.961810 0.273717
 1.000000 1.000000 1.000000 1.000000
 0.078951 -1.486050 -8.186260
 0.737262 0.477926
 0.000000 -0.697761 0.716331
 1.000000 1.000000 1.000000 1.000000
 0.078951 -1.486050 -8.186260
 0.737262 0.477926
 0.000000 -0.697761 0.716331
 1.000000 1.000000 1.000000 1.000000
 1.941312 -0.666916 -7.946815
 0.594364 0.464685
 0.179794 -0.676365 0.714286
 1.000000 1.000000 1.000000 1.000000
 1.101472 0.015045 -6.741554
 0.656282 0.388730
 0.466407 -0.799897 0.377663
 1.000000 1.000000 1.000000 1.000000
 0.078951 -0.317318 -6.828724
 0.735242 0.402490
 0.000000 -0.961810 0.273717
 1.000000 1.000000 1.000000 1.000000
 1.101472 0.015045 -6.741554
 0.656282 0.388730
 0.466407 -0.799897 0.377663
 1.000000 1.000000 1.000000 1.000000
 0.699334 -0.625324 -4.787521
 0.697712 0.288931
 0.412833 -0.883759 -0.220316
 1.000000 1.000000 1.000000 1.000000
 0.699334 -0.625324 -4.787521
 0.697712 0.288931
 0.412833 -0.883759 -0.220316
 1.000000 1.000000 1.000000 1.000000
 0.078951 -0.845787 -5.010006
 0.733690 0.298063
 -0.000000 -0.491942 -0.870628
 1.000000 1.000000 1.000000 1.000000
 0.078951 -0.317318 -6.828724
 0.735242 0.402490
 0.000000 -0.961810 0.273717
 1.000000 1.000000 1.000000 1.000000
 1.101472 0.015045 -6.741554
 0.656282 0.388730
 0.466407 -0.799897 0.377663
 1.000000 1.000000 1.000000 1.000000
 2.214342 1.675724 -6.442104
 0.574777 0.325064
 0.374148 -0.122053 0.919302
 1.000000 1.000000 1.000000 1.000000
 1.513834 0.791014 -6.033360
 0.611989 0.318849
 0.913584 -0.367347 0.174417
 1.000000 1.000000 1.000000 1.000000
 4.205165 2.531355 -7.238285
 0.817176 0.073642
 0.145231 0.729129 0.668789
 1.000000 1.000000 1.000000 1.000000
 3.323879 1.699508 -6.599174
 0.842251 0.070020
 0.102253 0.088590 0.990806
 1.000000 1.000000 1.000000 1.000000
 4.185376 1.744539 -6.486156
 0.842203 0.084121
 -0.032708 0.296928 0.954340
 1.000000 1.000000 1.000000 1.000000
 2.621188 3.327775 -8.861721
 0.142150 0.514031
 -0.109272 0.976154 0.187572
 1.000000 1.000000 1.000000 1.000000
 2.018406 3.208740 -10.636837
 0.111951 0.628723
 -0.288958 0.957330 -0.004643
 1.000000 1.000000 1.000000 1.000000
 1.471755 3.053779 -8.566803
 0.079731 0.506553
 -0.179707 0.978014 0.105807
 1.000000 1.000000 1.000000 1.000000
 4.424820 1.658269 -9.271584
 0.253883 0.553703
 0.931185 0.181849 -0.315952
 1.000000 1.000000 1.000000 1.000000
 4.179756 1.530665 -10.067287
 0.254811 0.603093
 0.891866 0.327232 -0.312240
 1.000000 1.000000 1.000000 1.000000
 3.293259 2.489358 -10.328327
 0.198427 0.612882
 0.737168 0.593902 -0.322278
 1.000000 1.000000 1.000000 1.000000
 4.236630 0.386794 -9.815723
 0.320254 0.596061
 0.986783 -0.113730 -0.115434
 1.000000 1.000000 1.000000 1.000000
 4.365557 0.603708 -9.221195
 0.297070 0.556786
 0.911282 -0.165910 -0.376882
 1.000000 1.000000 1.000000 1.000000
 4.140471 -0.191453 -9.145901
 0.386084 0.553880
 0.877520 -0.406776 -0.253952
 1.000000 1.000000 1.000000 1.000000
 4.140471 -0.191453 -9.145901
 0.386084 0.553880
 0.877520 -0.406776 -0.253952
 1.000000 1.000000 1.000000 1.000000
 4.127778 -0.761913 -9.669754
 0.412010 0.592342
 0.899945 -0.305597 0.310980
 1.000000 1.000000 1.000000 1.000000
 4.236630 0.386794 -9.815723
 0.320254 0.596061
 0.986783 -0.113730 -0.115434
 1.000000 1.000000 1.000000 1.000000
 1.554009 2.460431 -6.290279
 0.070526 0.403837
 0.213710 0.790502 0.573964
 1.000000 1.000000 1.000000 1.000000
 3.323879 1.699508 -6.599174
 0.181927 0.396226
 0.102253 0.088590 0.990806
 1.000000 1.000000 1.000000 1.000000
 4.205165 2.531355 -7.238285
 0.227671 0.452775
 0.145231 0.729129 0.668789
 1.000000 1.000000 1.000000 1.000000
 2.214342 1.675724 -6.442104
 0.109769 0.371649
 0.374148 -0.122053 0.919302
 1.000000 1.000000 1.000000 1.000000
 3.323879 1.699508 -6.599174
 0.181927 0.396226
 0.102253 0.088590 0.990806
 1.000000 1.000000 1.000000 1.000000
 1.554009 2.460431 -6.290279
 0.070526 0.403837
 0.213710 0.790502 0.573964
 1.000000 1.000000 1.000000 1.000000
 3.674724 -1.287492 -9.321659
 0.466183 0.548851
 0.771210 -0.569386 0.284666
 1.000000 1.000000 1.000000 1.000000
 4.163619 -0.556144 -8.206837
 0.432525 0.480981
 0.338792 -0.871798 0.353821
 1.000000 1.000000 1.000000 1.000000
 3.026034 -1.672136 -8.891426
 0.516764 0.508711
 0.306561 -0.673380 0.672740
 1.000000 1.000000 1.000000 1.000000
 1.831314 -2.057232 -8.797321
 0.596973 0.513528
 0.138460 -0.576087 0.805576
 1.000000 1.000000 1.000000 1.000000
 3.026034 -1.672136 -8.891426
 0.516764 0.508711
 0.306561 -0.673380 0.672740
 1.000000 1.000000 1.000000 1.000000
 1.941312 -0.666916 -7.946815
 0.594364 0.464685
 0.179794 -0.676365 0.714286
 1.000000 1.000000 1.000000 1.000000
 1.335634 1.540334 -5.478859
 0.525217 0.220489
 0.782600 0.434685 0.445629
 1.000000 1.000000 1.000000 1.000000
 1.313041 1.328162 -4.268215
 0.528411 0.160629
 0.798226 0.587929 0.131052
 1.000000 1.000000 1.000000 1.000000
 1.483001 0.518131 -4.363010
 0.583311 0.175924
 0.998660 -0.044469 -0.026459
 1.000000 1.000000 1.000000 1.000000
 1.483001 0.518131 -4.363010
 0.583311 0.175924
 0.998660 -0.044469 -0.026459
 1.000000 1.000000 1.000000 1.000000
 1.513834 0.791014 -6.033360
 0.586889 0.267535
 0.913584 -0.367347 0.174417
 1.000000 1.000000 1.000000 1.000000
 1.335634 1.540334 -5.478859
 0.525217 0.220489
 0.782600 0.434685 0.445629
 1.000000 1.000000 1.000000 1.000000
 0.078951 2.211191 -5.319857
 0.497895 0.212650
 -0.000000 0.819968 0.572409
 1.000000 1.000000 1.000000 1.000000
 1.335634 1.540334 -5.478859
 0.525217 0.220489
 0.782600 0.434685 0.445629
 1.000000 1.000000 1.000000 1.000000
 1.554009 2.460431 -6.290279
 0.535069 0.284211
 0.213710 0.790502 0.573964
 1.000000 1.000000 1.000000 1.000000
 1.554009 2.460431 -6.290279
 0.535069 0.284211
 0.213710 0.790502 0.573964
 1.000000 1.000000 1.000000 1.000000
 0.078951 2.230010 -5.334085
 0.497988 0.213782
 -0.000000 0.803326 0.595539
 1.000000 1.000000 1.000000 1.000000
 0.078951 2.211191 -5.319857
 0.497895 0.212650
 -0.000000 0.819968 0.572409
 1.000000 1.000000 1.000000 1.000000
 1.335634 1.540334 -5.478859
 0.525217 0.220489
 0.782600 0.434685 0.445629
 1.000000 1.000000 1.000000 1.000000
 2.214342 1.675724 -6.442104
 0.567533 0.287870
 0.374148 -0.122053 0.919302
 1.000000 1.000000 1.000000 1.000000
 1.554009 2.460431 -6.290279
 0.535069 0.284211
 0.213710 0.790502 0.573964
 1.000000 1.000000 1.000000 1.000000
 0.078951 -2.798114 -9.639126
 0.736515 0.560012
 -0.000000 -0.990790 0.135404
 1.000000 1.000000 1.000000 1.000000
 0.752494 -2.357514 -9.092110
 0.694723 0.538099
 -0.106219 -0.683421 0.722256
 1.000000 1.000000 1.000000 1.000000
 0.078951 -1.486050 -8.186260
 0.737262 0.477926
 0.000000 -0.697761 0.716331
 1.000000 1.000000 1.000000 1.000000
 4.163619 -0.556144 -8.206837
 0.938881 0.079405
 0.338792 -0.871798 0.353821
 1.000000 1.000000 1.000000 1.000000
 4.140471 -0.191453 -9.145901
 0.951479 0.083404
 0.877520 -0.406776 -0.253952
 1.000000 1.000000 1.000000 1.000000
 4.644786 -0.475626 -8.222874
 0.938295 0.094066
 0.167511 -0.980426 0.103463
 1.000000 1.000000 1.000000 1.000000
 5.422537 -0.345479 -8.248795
 0.937349 0.117763
 0.199401 -0.964330 0.174090
 1.000000 1.000000 1.000000 1.000000
 4.696805 -0.000222 -7.520142
 0.909141 0.091930
 0.011085 -0.864524 0.502469
 1.000000 1.000000 1.000000 1.000000
 4.644786 -0.475626 -8.222874
 0.938295 0.094066
 0.167511 -0.980426 0.103463
 1.000000 1.000000 1.000000 1.000000
 3.433217 0.524705 -6.894341
 0.472421 0.389686
 0.005773 -0.546999 0.837113
 1.000000 1.000000 1.000000 1.000000
 3.323879 1.699508 -6.599174
 0.478124 0.344183
 0.102253 0.088590 0.990806
 1.000000 1.000000 1.000000 1.000000
 2.214342 1.675724 -6.442104
 0.574777 0.325064
 0.374148 -0.122053 0.919302
 1.000000 1.000000 1.000000 1.000000
 2.214342 1.675724 -6.442104
 0.574777 0.325064
 0.374148 -0.122053 0.919302
 1.000000 1.000000 1.000000 1.000000
 1.101472 0.015045 -6.741554
 0.656282 0.388730
 0.466407 -0.799897 0.377663
 1.000000 1.000000 1.000000 1.000000
 3.433217 0.524705 -6.894341
 0.472421 0.389686
 0.005773 -0.546999 0.837113
 1.000000 1.000000 1.000000 1.000000
 1.941312 -0.666916 -7.946815
 0.594364 0.464685
 0.179794 -0.676365 0.714286
 1.000000 1.000000 1.000000 1.000000
 3.784738 -0.016504 -7.616814
 0.459448 0.443479
 0.050741 -0.748319 0.661396
 1.000000 1.000000 1.000000 1.000000
 3.433217 0.524705 -6.894341
 0.473592 0.387379
 0.005773 -0.546999 0.837113
 1.000000 1.000000 1.000000 1.000000
 3.433217 0.524705 -6.894341
 0.473592 0.387379
 0.005773 -0.546999 0.837113
 1.000000 1.000000 1.000000 1.000000
 1.101472 0.015045 -6.741554
 0.656282 0.388730
 0.466407 -0.799897 0.377663
 1.000000 1.000000 1.000000 1.000000
 1.941312 -0.666916 -7.946815
 0.594364 0.464685
 0.179794 -0.676365 0.714286
 1.000000 1.000000 1.000000 1.000000
 3.784738 -0.016504 -7.616814
 0.459448 0.443479
 0.050741 -0.748319 0.661396
 1.000000 1.000000 1.000000 1.000000
 1.941312 -0.666916 -7.946815
 0.594364 0.464685
 0.179794 -0.676365 0.714286
 1.000000 1.000000 1.000000 1.000000
 3.026034 -1.672136 -8.891426
 0.516764 0.508711
 0.306561 -0.673380 0.672740
 1.000000 1.000000 1.000000 1.000000
 3.026034 -1.672136 -8.891426
 0.516764 0.508711
 0.306561 -0.673380 0.672740
 1.000000 1.000000 1.000000 1.000000
 4.163619 -0.556144 -8.206837
 0.432525 0.480981
 0.338792 -0.871798 0.353821
 1.000000 1.000000 1.000000 1.000000
 3.784738 -0.016504 -7.616814
 0.459448 0.443479
 0.050741 -0.748319 0.661396
 1.000000 1.000000 1.000000 1.000000
 4.163619 -0.556144 -8.206837
 0.938881 0.079405
 0.338792 -0.871798 0.353821
 1.000000 1.000000 1.000000 1.000000
 4.171185 -0.009605 -7.575851
 0.908099 0.081385
 -0.064640 -0.806982 0.587028
 1.000000 1.000000 1.000000 1.000000
 3.784738 -0.016504 -7.616814
 0.907333 0.073633
 0.050741 -0.748319 0.661396
 1.000000 1.000000 1.000000 1.000000
 6.167299 0.277757 -7.031639
 0.892039 0.135633
 0.206842 -0.621835 0.755339
 1.000000 1.000000 1.000000 1.000000
 5.422537 -0.345479 -8.248795
 0.937349 0.117763
 0.199401 -0.964330 0.174090
 1.000000 1.000000 1.000000 1.000000
 7.251065 0.423491 -7.245159
 0.892893 0.155806
 0.207804 -0.397953 0.893561
 1.000000 1.000000 1.000000 1.000000
 3.835546 -1.373873 -9.640934
 0.458941 0.583779
 0.789040 -0.399037 0.467102
 1.000000 1.000000 1.000000 1.000000
 4.127778 -0.761913 -9.669754
 0.412010 0.592342
 0.899945 -0.305597 0.310980
 1.000000 1.000000 1.000000 1.000000
 4.140471 -0.191453 -9.145901
 0.386084 0.553880
 0.877520 -0.406776 -0.253952
 1.000000 1.000000 1.000000 1.000000
 4.140471 -0.191453 -9.145901
 0.386084 0.553880
 0.877520 -0.406776 -0.253952
 1.000000 1.000000 1.000000 1.000000
 3.674724 -1.287492 -9.321659
 0.466183 0.548851
 0.771210 -0.569386 0.284666
 1.000000 1.000000 1.000000 1.000000
 3.835546 -1.373873 -9.640934
 0.458941 0.583779
 0.789040 -0.399037 0.467102
 1.000000 1.000000 1.000000 1.000000
 1.554009 2.460431 -6.290279
 0.535069 0.284211
 0.213710 0.790502 0.573964
 1.000000 1.000000 1.000000 1.000000
 0.078951 2.291977 -6.114277
 0.497804 0.274401
 0.000000 0.986629 0.162983
 1.000000 1.000000 1.000000 1.000000
 0.078951 2.230010 -5.334085
 0.497988 0.213782
 -0.000000 0.803326 0.595539
 1.000000 1.000000 1.000000 1.000000
 4.140471 -0.191453 -9.145901
 0.386084 0.553880
 0.877520 -0.406776 -0.253952
 1.000000 1.000000 1.000000 1.000000
 4.163619 -0.556144 -8.206837
 0.432525 0.480981
 0.338792 -0.871798 0.353821
 1.000000 1.000000 1.000000 1.000000
 3.674724 -1.287492 -9.321659
 0.466183 0.548851
 0.771210 -0.569386 0.284666
 1.000000 1.000000 1.000000 1.000000
 4.179756 1.530665 -10.067287
 0.254811 0.603093
 0.891866 0.327232 -0.312240
 1.000000 1.000000 1.000000 1.000000
 4.424820 1.658269 -9.271584
 0.253883 0.553703
 0.931185 0.181849 -0.315952
 1.000000 1.000000 1.000000 1.000000
 4.365557 0.603708 -9.221195
 0.297070 0.556786
 0.911282 -0.165910 -0.376882
 1.000000 1.000000 1.000000 1.000000
 4.365557 0.603708 -9.221195
 0.297070 0.556786
 0.911282 -0.165910 -0.376882
 1.000000 1.000000 1.000000 1.000000
 4.236630 0.386794 -9.815723
 0.320254 0.596061
 0.986783 -0.113730 -0.115434
 1.000000 1.000000 1.000000 1.000000
 4.179756 1.530665 -10.067287
 0.254811 0.603093
 0.891866 0.327232 -0.312240
 1.000000 1.000000 1.000000 1.000000
 1.513834 0.791014 -6.033360
 0.586889 0.267535
 0.913584 -0.367347 0.174417
 1.000000 1.000000 1.000000 1.000000
 2.214342 1.675724 -6.442104
 0.567533 0.287870
 0.374148 -0.122053 0.919302
 1.000000 1.000000 1.000000 1.000000
 1.335634 1.540334 -5.478859
 0.525217 0.220489
 0.782600 0.434685 0.445629
 1.000000 1.000000 1.000000 1.000000
 0.699334 -0.625324 -4.787521
 0.697712 0.288931
 0.412833 -0.883759 -0.220316
 1.000000 1.000000 1.000000 1.000000
 1.101472 0.015045 -6.741554
 0.656282 0.388730
 0.466407 -0.799897 0.377663
 1.000000 1.000000 1.000000 1.000000
 1.271937 -0.411836 -4.441277
 0.665588 0.269611
 0.828316 -0.536638 -0.160972
 1.000000 1.000000 1.000000 1.000000
 1.313041 1.328162 -4.268215
 0.528411 0.160629
 0.798226 0.587929 0.131052
 1.000000 1.000000 1.000000 1.000000
 1.335634 1.540334 -5.478859
 0.525217 0.220489
 0.782600 0.434685 0.445629
 1.000000 1.000000 1.000000 1.000000
 0.078951 2.211191 -5.319857
 0.497895 0.212650
 -0.000000 0.819968 0.572409
 1.000000 1.000000 1.000000 1.000000
 0.078951 2.211191 -5.319857
 0.497895 0.212650
 -0.000000 0.819968 0.572409
 1.000000 1.000000 1.000000 1.000000
 0.078951 1.919772 -4.133000
 0.497657 0.139672
 -0.000000 0.964377 -0.264532
 1.000000 1.000000 1.000000 1.000000
 1.313041 1.328162 -4.268215
 0.528411 0.160629
 0.798226 0.587929 0.131052
 1.000000 1.000000 1.000000 1.000000
 1.471755 3.053779 -8.566803
 0.079731 0.506553
 -0.179707 0.978014 0.105807
 1.000000 1.000000 1.000000 1.000000
 2.018406 3.208740 -10.636837
 0.111951 0.628723
 -0.288958 0.957330 -0.004643
 1.000000 1.000000 1.000000 1.000000
 0.078951 2.561413 -10.568395
 0.006313 0.622148
 0.000000 0.998330 -0.057765
 1.000000 1.000000 1.000000 1.000000
 0.078951 2.561413 -10.568395
 0.006313 0.622148
 0.000000 0.998330 -0.057765
 1.000000 1.000000 1.000000 1.000000
 0.078951 2.860112 -8.216311
 0.006293 0.506529
 0.000000 0.995179 0.098074
 1.000000 1.000000 1.000000 1.000000
 1.471755 3.053779 -8.566803
 0.079731 0.506553
 -0.179707 0.978014 0.105807
 1.000000 1.000000 1.000000 1.000000
 1.554009 2.460431 -6.290279
 0.070526 0.403837
 0.213710 0.790502 0.573964
 1.000000 1.000000 1.000000 1.000000
 1.471755 3.053779 -8.566803
 0.079731 0.506553
 -0.179707 0.978014 0.105807
 1.000000 1.000000 1.000000 1.000000
 0.078951 2.860112 -8.216311
 0.006293 0.506529
 0.000000 0.995179 0.098074
 1.000000 1.000000 1.000000 1.000000
 0.078951 2.860112 -8.216311
 0.006293 0.506529
 0.000000 0.995179 0.098074
 1.000000 1.000000 1.000000 1.000000
 0.078951 2.291977 -6.114277
 0.003900 0.411012
 0.000000 0.986629 0.162983
 1.000000 1.000000 1.000000 1.000000
 1.554009 2.460431 -6.290279
 0.070526 0.403837
 0.213710 0.790502 0.573964
 1.000000 1.000000 1.000000 1.000000
 -4.005717 -0.556144 -8.206837
 0.938881 0.079405
 -0.338792 -0.871798 0.353821
 1.000000 1.000000 1.000000 1.000000
 -4.013283 -0.009605 -7.575851
 0.908099 0.081385
 0.064640 -0.806982 0.587028
 1.000000 1.000000 1.000000 1.000000
 -4.538903 -0.000222 -7.520142
 0.909141 0.091930
 -0.011085 -0.864524 0.502469
 1.000000 1.000000 1.000000 1.000000
 -4.538903 -0.000222 -7.520142
 0.909141 0.091930
 -0.011085 -0.864524 0.502469
 1.000000 1.000000 1.000000 1.000000
 -4.486884 -0.475626 -8.222874
 0.938295 0.094066
 -0.167511 -0.980426 0.103463
 1.000000 1.000000 1.000000 1.000000
 -4.005717 -0.556144 -8.206837
 0.938881 0.079405
 -0.338792 -0.871798 0.353821
 1.000000 1.000000 1.000000 1.000000
 -3.982570 -0.191453 -9.145901
 0.951479 0.083404
 -0.877520 -0.406776 -0.253952
 1.000000 1.000000 1.000000 1.000000
 -4.486884 -0.475626 -8.222874
 0.938295 0.094066
 -0.167511 -0.980426 0.103463
 1.000000 1.000000 1.000000 1.000000
 -5.264635 -0.345479 -8.248795
 0.937349 0.117763
 -0.199401 -0.964330 0.174090
 1.000000 1.000000 1.000000 1.000000
 -5.264635 -0.345479 -8.248795
 0.937349 0.117763
 -0.199401 -0.964330 0.174090
 1.000000 1.000000 1.000000 1.000000
 -4.207655 0.603708 -9.221195
 0.973754 0.089534
 -0.911282 -0.165910 -0.376882
 1.000000 1.000000 1.000000 1.000000
 -3.982570 -0.191453 -9.145901
 0.951479 0.083404
 -0.877520 -0.406776 -0.253952
 1.000000 1.000000 1.000000 1.000000
 -0.943570 0.015045 -6.741554
 0.656282 0.388730
 -0.466407 -0.799897 0.377663
 1.000000 1.000000 1.000000 1.000000
 -1.114035 -0.411836 -4.441277
 0.665588 0.269611
 -0.828316 -0.536638 -0.160972
 1.000000 1.000000 1.000000 1.000000
 -1.325099 0.518131 -4.363010
 0.627444 0.275712
 -0.998660 -0.044469 -0.026459
 1.000000 1.000000 1.000000 1.000000
 -1.325099 0.518131 -4.363010
 0.627444 0.275712
 -0.998660 -0.044469 -0.026459
 1.000000 1.000000 1.000000 1.000000
 -1.355932 0.791014 -6.033360
 0.611989 0.318849
 -0.913584 -0.367347 0.174417
 1.000000 1.000000 1.000000 1.000000
 -0.943570 0.015045 -6.741554
 0.656282 0.388730
 -0.466407 -0.799897 0.377663
 1.000000 1.000000 1.000000 1.000000
 -2.463286 3.327774 -8.861721
 0.142150 0.514031
 0.109272 0.976154 0.187572
 1.000000 1.000000 1.000000 1.000000
 -4.047263 2.531355 -7.238285
 0.227671 0.452775
 -0.145231 0.729129 0.668789
 1.000000 1.000000 1.000000 1.000000
 -1.396107 2.460431 -6.290279
 0.070526 0.403837
 -0.213710 0.790502 0.573964
 1.000000 1.000000 1.000000 1.000000
 -1.396107 2.460431 -6.290279
 0.070526 0.403837
 -0.213710 0.790502 0.573964
 1.000000 1.000000 1.000000 1.000000
 -1.313853 3.053779 -8.566803
 0.079731 0.506553
 0.179706 0.978014 0.105807
 1.000000 1.000000 1.000000 1.000000
 -2.463286 3.327774 -8.861721
 0.142150 0.514031
 0.109272 0.976154 0.187572
 1.000000 1.000000 1.000000 1.000000
 -1.673412 -2.057232 -8.797321
 0.596973 0.513528
 -0.138460 -0.576087 0.805576
 1.000000 1.000000 1.000000 1.000000
 -0.594592 -2.357514 -9.092110
 0.694723 0.538099
 0.106219 -0.683421 0.722256
 1.000000 1.000000 1.000000 1.000000
 0.078951 -1.486050 -8.186260
 0.737262 0.477926
 0.000000 -0.697761 0.716331
 1.000000 1.000000 1.000000 1.000000
 0.078951 -1.486050 -8.186260
 0.737262 0.477926
 0.000000 -0.697761 0.716331
 1.000000 1.000000 1.000000 1.000000
 -1.783410 -0.666916 -7.946815
 0.594364 0.464685
 -0.179794 -0.676365 0.714286
 1.000000 1.000000 1.000000 1.000000
 -1.673412 -2.057232 -8.797321
 0.596973 0.513528
 -0.138460 -0.576087 0.805576
 1.000000 1.000000 1.000000 1.000000
 0.078951 -2.798114 -9.639126
 0.736515 0.560012
 -0.000000 -0.990790 0.135404
 1.000000 1.000000 1.000000 1.000000
 -0.594592 -2.357514 -9.092110
 0.694723 0.538099
 0.106219 -0.683421 0.722256
 1.000000 1.000000 1.000000 1.000000
 -0.875891 -2.531035 -9.127785
 0.670630 0.560596
 0.209976 -0.649116 0.731135
 1.000000 1.000000 1.000000 1.000000
 -0.875891 -2.531035 -9.127785
 0.670630 0.560596
 0.209976 -0.649116 0.731135
 1.000000 1.000000 1.000000 1.000000
 0.078951 -2.769595 -9.770855
 0.710897 0.594201
 0.000000 -0.977356 -0.211600
 1.000000 1.000000 1.000000 1.000000
 0.078951 -2.798114 -9.639126
 0.736515 0.560012
 -0.000000 -0.990790 0.135404
 1.000000 1.000000 1.000000 1.000000
 -5.061196 1.816519 -6.591072
 0.842127 0.106659
 -0.150065 0.412881 0.898337
 1.000000 1.000000 1.000000 1.000000
 -6.073728 1.810440 -6.857952
 0.839267 0.137052
 -0.225272 0.432364 0.873106
 1.000000 1.000000 1.000000 1.000000
 -6.009398 0.277757 -7.031639
 0.892039 0.135633
 -0.206842 -0.621835 0.755339
 1.000000 1.000000 1.000000 1.000000
 -6.009398 0.277757 -7.031639
 0.892039 0.135633
 -0.206842 -0.621835 0.755339
 1.000000 1.000000 1.000000 1.000000
 -4.984611 0.354277 -6.727585
 0.885929 0.100923
 -0.088335 -0.577922 0.811297
 1.000000 1.000000 1.000000 1.000000
 -5.061196 1.816519 -6.591072
 0.842127 0.106659
 -0.150065 0.412881 0.898337
 1.000000 1.000000 1.000000 1.000000
 -6.009398 0.277757 -7.031639
 0.892039 0.135633
 -0.206842 -0.621835 0.755339
 1.000000 1.000000 1.000000 1.000000
 -5.264635 -0.345479 -8.248795
 0.937349 0.117763
 -0.199401 -0.964330 0.174090
 1.000000 1.000000 1.000000 1.000000
 -4.538903 -0.000222 -7.520142
 0.909141 0.091930
 -0.011085 -0.864524 0.502469
 1.000000 1.000000 1.000000 1.000000
 -4.538903 -0.000222 -7.520142
 0.909141 0.091930
 -0.011085 -0.864524 0.502469
 1.000000 1.000000 1.000000 1.000000
 -4.984611 0.354277 -6.727585
 0.885929 0.100923
 -0.088335 -0.577922 0.811297
 1.000000 1.000000 1.000000 1.000000
 -6.009398 0.277757 -7.031639
 0.892039 0.135633
 -0.206842 -0.621835 0.755339
 1.000000 1.000000 1.000000 1.000000
 -4.984611 0.354277 -6.727585
 0.885929 0.100923
 -0.088335 -0.577922 0.811297
 1.000000 1.000000 1.000000 1.000000
 -4.023170 0.457831 -6.733887
 0.884774 0.084769
 0.136322 -0.570978 0.809568
 1.000000 1.000000 1.000000 1.000000
 -4.027474 1.744539 -6.486156
 0.842203 0.084121
 0.032708 0.296928 0.954340
 1.000000 1.000000 1.000000 1.000000
 -4.027474 1.744539 -6.486156
 0.842203 0.084121
 0.032708 0.296928 0.954340
 1.000000 1.000000 1.000000 1.000000
 -5.061196 1.816519 -6.591072
 0.842127 0.106659
 -0.150065 0.412881 0.898337
 1.000000 1.000000 1.000000 1.000000
 -4.984611 0.354277 -6.727585
 0.885929 0.100923
 -0.088335 -0.577922 0.811297
 1.000000 1.000000 1.000000 1.000000
 -5.044708 2.373814 -7.384464
 0.814005 0.102298
 -0.141180 0.788551 0.598544
 1.000000 1.000000 1.000000 1.000000
 -6.119976 2.254503 -7.587189
 0.815851 0.132332
 -0.224495 0.825914 0.517173
 1.000000 1.000000 1.000000 1.000000
 -6.073728 1.810440 -6.857952
 0.839267 0.137052
 -0.225272 0.432364 0.873106
 1.000000 1.000000 1.000000 1.000000
 -6.073728 1.810440 -6.857952
 0.839267 0.137052
 -0.225272 0.432364 0.873106
 1.000000 1.000000 1.000000 1.000000
 -5.061196 1.816519 -6.591072
 0.842127 0.106659
 -0.150065 0.412881 0.898337
 1.000000 1.000000 1.000000 1.000000
 -5.044708 2.373814 -7.384464
 0.814005 0.102298
 -0.141180 0.788551 0.598544
 1.000000 1.000000 1.000000 1.000000
 -6.073728 1.810440 -6.857952
 0.839267 0.137052
 -0.225272 0.432364 0.873106
 1.000000 1.000000 1.000000 1.000000
 -7.294439 1.763994 -7.053837
 0.838194 0.156290
 -0.160482 0.385289 0.908734
 1.000000 1.000000 1.000000 1.000000
 -7.093163 0.423491 -7.245159
 0.892893 0.155806
 -0.207804 -0.397953 0.893561
 1.000000 1.000000 1.000000 1.000000
 -7.093163 0.423491 -7.245159
 0.892893 0.155806
 -0.207804 -0.397953 0.893561
 1.000000 1.000000 1.000000 1.000000
 -6.009398 0.277757 -7.031639
 0.892039 0.135633
 -0.206842 -0.621835 0.755339
 1.000000 1.000000 1.000000 1.000000
 -6.073728 1.810440 -6.857952
 0.839267 0.137052
 -0.225272 0.432364 0.873106
 1.000000 1.000000 1.000000 1.000000
 -4.538903 -0.000222 -7.520142
 0.909141 0.091930
 -0.011085 -0.864524 0.502469
 1.000000 1.000000 1.000000 1.000000
 -4.013283 -0.009605 -7.575851
 0.908099 0.081385
 0.064640 -0.806982 0.587028
 1.000000 1.000000 1.000000 1.000000
 -4.023170 0.457831 -6.733887
 0.884774 0.084769
 0.136322 -0.570978 0.809568
 1.000000 1.000000 1.000000 1.000000
 -4.023170 0.457831 -6.733887
 0.884774 0.084769
 0.136322 -0.570978 0.809568
 1.000000 1.000000 1.000000 1.000000
 -4.984611 0.354277 -6.727585
 0.885929 0.100923
 -0.088335 -0.577922 0.811297
 1.000000 1.000000 1.000000 1.000000
 -4.538903 -0.000222 -7.520142
 0.909141 0.091930
 -0.011085 -0.864524 0.502469
 1.000000 1.000000 1.000000 1.000000
 -4.027474 1.744539 -6.486156
 0.842203 0.084121
 0.032708 0.296928 0.954340
 1.000000 1.000000 1.000000 1.000000
 -4.023170 0.457831 -6.733887
 0.884774 0.084769
 0.136322 -0.570978 0.809568
 1.000000 1.000000 1.000000 1.000000
 -3.275315 0.524705 -6.894341
 0.884028 0.074337
 -0.005773 -0.546999 0.837113
 1.000000 1.000000 1.000000 1.000000
 -3.275315 0.524705 -6.894341
 0.884028 0.074337
 -0.005773 -0.546999 0.837113
 1.000000 1.000000 1.000000 1.000000
 -3.165977 1.699508 -6.599174
 0.842251 0.070020
 -0.102253 0.088590 0.990806
 1.000000 1.000000 1.000000 1.000000
 -4.027474 1.744539 -6.486156
 0.842203 0.084121
 0.032708 0.296928 0.954340
 1.000000 1.000000 1.000000 1.000000
 -5.044708 2.373814 -7.384464
 0.814005 0.102298
 -0.141180 0.788551 0.598544
 1.000000 1.000000 1.000000 1.000000
 -5.061196 1.816519 -6.591072
 0.842127 0.106659
 -0.150065 0.412881 0.898337
 1.000000 1.000000 1.000000 1.000000
 -4.027474 1.744539 -6.486156
 0.842203 0.084121
 0.032708 0.296928 0.954340
 1.000000 1.000000 1.000000 1.000000
 -4.027474 1.744539 -6.486156
 0.842203 0.084121
 0.032708 0.296928 0.954340
 1.000000 1.000000 1.000000 1.000000
 -4.047263 2.531355 -7.238285
 0.817176 0.073642
 -0.145231 0.729129 0.668789
 1.000000 1.000000 1.000000 1.000000
 -5.044708 2.373814 -7.384464
 0.814005 0.102298
 -0.141180 0.788551 0.598544
 1.000000 1.000000 1.000000 1.000000
 -6.779878 2.282016 -7.948250
 0.794924 0.153570
 -0.158288 0.864779 0.476553
 1.000000 1.000000 1.000000 1.000000
 -7.294439 1.763994 -7.053837
 0.838194 0.156290
 -0.160482 0.385289 0.908734
 1.000000 1.000000 1.000000 1.000000
 -6.073728 1.810440 -6.857952
 0.839267 0.137052
 -0.225272 0.432364 0.873106
 1.000000 1.000000 1.000000 1.000000
 -6.073728 1.810440 -6.857952
 0.839267 0.137052
 -0.225272 0.432364 0.873106
 1.000000 1.000000 1.000000 1.000000
 -6.119976 2.254503 -7.587189
 0.815851 0.132332
 -0.224495 0.825914 0.517173
 1.000000 1.000000 1.000000 1.000000
 -6.779878 2.282016 -7.948250
 0.794924 0.153570
 -0.158288 0.864779 0.476553
 1.000000 1.000000 1.000000 1.000000
 -3.275315 0.524705 -6.894341
 0.884028 0.074337
 -0.005773 -0.546999 0.837113
 1.000000 1.000000 1.000000 1.000000
 -4.023170 0.457831 -6.733887
 0.884774 0.084769
 0.136322 -0.570978 0.809568
 1.000000 1.000000 1.000000 1.000000
 -4.013283 -0.009605 -7.575851
 0.908099 0.081385
 0.064640 -0.806982 0.587028
 1.000000 1.000000 1.000000 1.000000
 -4.013283 -0.009605 -7.575851
 0.908099 0.081385
 0.064640 -0.806982 0.587028
 1.000000 1.000000 1.000000 1.000000
 -3.626836 -0.016504 -7.616814
 0.907333 0.073633
 -0.050741 -0.748319 0.661396
 1.000000 1.000000 1.000000 1.000000
 -3.275315 0.524705 -6.894341
 0.884028 0.074337
 -0.005773 -0.546999 0.837113
 1.000000 1.000000 1.000000 1.000000
 -0.943570 0.015045 -6.741554
 0.656282 0.388730
 -0.466407 -0.799897 0.377663
 1.000000 1.000000 1.000000 1.000000
 -1.783410 -0.666916 -7.946815
 0.594364 0.464685
 -0.179794 -0.676365 0.714286
 1.000000 1.000000 1.000000 1.000000
 0.078951 -1.486050 -8.186260
 0.737262 0.477926
 0.000000 -0.697761 0.716331
 1.000000 1.000000 1.000000 1.000000
 0.078951 -1.486050 -8.186260
 0.737262 0.477926
 0.000000 -0.697761 0.716331
 1.000000 1.000000 1.000000 1.000000
 0.078951 -0.317318 -6.828724
 0.735242 0.402490
 0.000000 -0.961810 0.273717
 1.000000 1.000000 1.000000 1.000000
 -0.943570 0.015045 -6.741554
 0.656282 0.388730
 -0.466407 -0.799897 0.377663
 1.000000 1.000000 1.000000 1.000000
 0.078951 -0.317318 -6.828724
 0.735242 0.402490
 0.000000 -0.961810 0.273717
 1.000000 1.000000 1.000000 1.000000
 0.078951 -0.845787 -5.010006
 0.733690 0.298063
 -0.000000 -0.491942 -0.870628
 1.000000 1.000000 1.000000 1.000000
 -0.541432 -0.625324 -4.787521
 0.697712 0.288931
 -0.412833 -0.883759 -0.220315
 1.000000 1.000000 1.000000 1.000000
 -0.541432 -0.625324 -4.787521
 0.697712 0.288931
 -0.412833 -0.883759 -0.220315
 1.000000 1.000000 1.000000 1.000000
 -0.943570 0.015045 -6.741554
 0.656282 0.388730
 -0.466407 -0.799897 0.377663
 1.000000 1.000000 1.000000 1.000000
 0.078951 -0.317318 -6.828724
 0.735242 0.402490
 0.000000 -0.961810 0.273717
 1.000000 1.000000 1.000000 1.000000
 -0.943570 0.015045 -6.741554
 0.656282 0.388730
 -0.466407 -0.799897 0.377663
 1.000000 1.000000 1.000000 1.000000
 -1.355932 0.791014 -6.033360
 0.611989 0.318849
 -0.913584 -0.367347 0.174417
 1.000000 1.000000 1.000000 1.000000
 -2.056440 1.675724 -6.442104
 0.574777 0.325064
 -0.374148 -0.122053 0.919302
 1.000000 1.000000 1.000000 1.000000
 -4.047263 2.531355 -7.238285
 0.817176 0.073642
 -0.145231 0.729129 0.668789
 1.000000 1.000000 1.000000 1.000000
 -4.027474 1.744539 -6.486156
 0.842203 0.084121
 0.032708 0.296928 0.954340
 1.000000 1.000000 1.000000 1.000000
 -3.165977 1.699508 -6.599174
 0.842251 0.070020
 -0.102253 0.088590 0.990806
 1.000000 1.000000 1.000000 1.000000
 -2.463286 3.327774 -8.861721
 0.142150 0.514031
 0.109272 0.976154 0.187572
 1.000000 1.000000 1.000000 1.000000
 -1.313853 3.053779 -8.566803
 0.079731 0.506553
 0.179706 0.978014 0.105807
 1.000000 1.000000 1.000000 1.000000
 -1.860504 3.208740 -10.636837
 0.111951 0.628723
 0.288958 0.957330 -0.004643
 1.000000 1.000000 1.000000 1.000000
 -4.266918 1.658269 -9.271584
 0.253883 0.553703
 -0.931185 0.181849 -0.315952
 1.000000 1.000000 1.000000 1.000000
 -3.135357 2.489358 -10.328327
 0.198427 0.612882
 -0.737168 0.593902 -0.322278
 1.000000 1.000000 1.000000 1.000000
 -4.021854 1.530665 -10.067287
 0.254811 0.603093
 -0.891866 0.327232 -0.312240
 1.000000 1.000000 1.000000 1.000000
 -4.078729 0.386794 -9.815723
 0.320254 0.596061
 -0.986783 -0.113730 -0.115434
 1.000000 1.000000 1.000000 1.000000
 -3.982570 -0.191453 -9.145901
 0.386084 0.553880
 -0.877520 -0.406776 -0.253952
 1.000000 1.000000 1.000000 1.000000
 -4.207655 0.603708 -9.221195
 0.297070 0.556786
 -0.911282 -0.165910 -0.376882
 1.000000 1.000000 1.000000 1.000000
 -3.982570 -0.191453 -9.145901
 0.386084 0.553880
 -0.877520 -0.406776 -0.253952
 1.000000 1.000000 1.000000 1.000000
 -4.078729 0.386794 -9.815723
 0.320254 0.596061
 -0.986783 -0.113730 -0.115434
 1.000000 1.000000 1.000000 1.000000
 -3.969876 -0.761913 -9.669754
 0.412010 0.592342
 -0.899945 -0.305597 0.310980
 1.000000 1.000000 1.000000 1.000000
 -1.396107 2.460431 -6.290279
 0.070526 0.403837
 -0.213710 0.790502 0.573964
 1.000000 1.000000 1.000000 1.000000
 -4.047263 2.531355 -7.238285
 0.227671 0.452775
 -0.145231 0.729129 0.668789
 1.000000 1.000000 1.000000 1.000000
 -3.165977 1.699508 -6.599174
 0.181927 0.396226
 -0.102253 0.088590 0.990806
 1.000000 1.000000 1.000000 1.000000
 -2.056440 1.675724 -6.442104
 0.109769 0.371649
 -0.374148 -0.122053 0.919302
 1.000000 1.000000 1.000000 1.000000
 -1.396107 2.460431 -6.290279
 0.070526 0.403837
 -0.213710 0.790502 0.573964
 1.000000 1.000000 1.000000 1.000000
 -3.165977 1.699508 -6.599174
 0.181927 0.396226
 -0.102253 0.088590 0.990806
 1.000000 1.000000 1.000000 1.000000
 -3.516822 -1.287492 -9.321659
 0.466183 0.548851
 -0.771210 -0.569386 0.284666
 1.000000 1.000000 1.000000 1.000000
 -2.868132 -1.672136 -8.891426
 0.516764 0.508711
 -0.306561 -0.673380 0.672740
 1.000000 1.000000 1.000000 1.000000
 -4.005717 -0.556144 -8.206837
 0.432525 0.480981
 -0.338792 -0.871798 0.353821
 1.000000 1.000000 1.000000 1.000000
 -1.673412 -2.057232 -8.797321
 0.596973 0.513528
 -0.138460 -0.576087 0.805576
 1.000000 1.000000 1.000000 1.000000
 -1.783410 -0.666916 -7.946815
 0.594364 0.464685
 -0.179794 -0.676365 0.714286
 1.000000 1.000000 1.000000 1.000000
 -2.868132 -1.672136 -8.891426
 0.516764 0.508711
 -0.306561 -0.673380 0.672740
 1.000000 1.000000 1.000000 1.000000
 -1.177732 1.540334 -5.478859
 0.525217 0.220489
 -0.782600 0.434685 0.445629
 1.000000 1.000000 1.000000 1.000000
 -1.325099 0.518131 -4.363010
 0.583311 0.175924
 -0.998660 -0.044469 -0.026459
 1.000000 1.000000 1.000000 1.000000
 -1.155139 1.328161 -4.268215
 0.528411 0.160629
 -0.798226 0.587929 0.131052
 1.000000 1.000000 1.000000 1.000000
 -1.325099 0.518131 -4.363010
 0.583311 0.175924
 -0.998660 -0.044469 -0.026459
 1.000000 1.000000 1.000000 1.000000
 -1.177732 1.540334 -5.478859
 0.525217 0.220489
 -0.782600 0.434685 0.445629
 1.000000 1.000000 1.000000 1.000000
 -1.355932 0.791014 -6.033360
 0.586889 0.267535
 -0.913584 -0.367347 0.174417
 1.000000 1.000000 1.000000 1.000000
 0.078951 2.211191 -5.319857
 0.497895 0.212650
 -0.000000 0.819968 0.572409
 1.000000 1.000000 1.000000 1.000000
 0.078951 2.230010 -5.334085
 0.497988 0.213782
 -0.000000 0.803326 0.595539
 1.000000 1.000000 1.000000 1.000000
 -1.396107 2.460431 -6.290279
 0.535069 0.284211
 -0.213710 0.790502 0.573964
 1.000000 1.000000 1.000000 1.000000
 -1.396107 2.460431 -6.290279
 0.535069 0.284211
 -0.213710 0.790502 0.573964
 1.000000 1.000000 1.000000 1.000000
 -1.177732 1.540334 -5.478859
 0.525217 0.220489
 -0.782600 0.434685 0.445629
 1.000000 1.000000 1.000000 1.000000
 0.078951 2.211191 -5.319857
 0.497895 0.212650
 -0.000000 0.819968 0.572409
 1.000000 1.000000 1.000000 1.000000
 -1.177732 1.540334 -5.478859
 0.525217 0.220489
 -0.782600 0.434685 0.445629
 1.000000 1.000000 1.000000 1.000000
 -1.396107 2.460431 -6.290279
 0.535069 0.284211
 -0.213710 0.790502 0.573964
 1.000000 1.000000 1.000000 1.000000
 -2.056440 1.675724 -6.442104
 0.567533 0.287870
 -0.374148 -0.122053 0.919302
 1.000000 1.000000 1.000000 1.000000
 0.078951 -2.798114 -9.639126
 0.736515 0.560012
 -0.000000 -0.990790 0.135404
 1.000000 1.000000 1.000000 1.000000
 0.078951 -1.486050 -8.186260
 0.737262 0.477926
 0.000000 -0.697761 0.716331
 1.000000 1.000000 1.000000 1.000000
 -0.594592 -2.357514 -9.092110
 0.694723 0.538099
 0.106219 -0.683421 0.722256
 1.000000 1.000000 1.000000 1.000000
 -4.005717 -0.556144 -8.206837
 0.938881 0.079405
 -0.338792 -0.871798 0.353821
 1.000000 1.000000 1.000000 1.000000
 -4.486884 -0.475626 -8.222874
 0.938295 0.094066
 -0.167511 -0.980426 0.103463
 1.000000 1.000000 1.000000 1.000000
 -3.982570 -0.191453 -9.145901
 0.951479 0.083404
 -0.877520 -0.406776 -0.253952
 1.000000 1.000000 1.000000 1.000000
 -5.264635 -0.345479 -8.248795
 0.937349 0.117763
 -0.199401 -0.964330 0.174090
 1.000000 1.000000 1.000000 1.000000
 -4.486884 -0.475626 -8.222874
 0.938295 0.094066
 -0.167511 -0.980426 0.103463
 1.000000 1.000000 1.000000 1.000000
 -4.538903 -0.000222 -7.520142
 0.909141 0.091930
 -0.011085 -0.864524 0.502469
 1.000000 1.000000 1.000000 1.000000
 -3.275315 0.524705 -6.894341
 0.472421 0.389686
 -0.005773 -0.546999 0.837113
 1.000000 1.000000 1.000000 1.000000
 -2.056440 1.675724 -6.442104
 0.574777 0.325064
 -0.374148 -0.122053 0.919302
 1.000000 1.000000 1.000000 1.000000
 -3.165977 1.699508 -6.599174
 0.478124 0.344183
 -0.102253 0.088590 0.990806
 1.000000 1.000000 1.000000 1.000000
 -2.056440 1.675724 -6.442104
 0.574777 0.325064
 -0.374148 -0.122053 0.919302
 1.000000 1.000000 1.000000 1.000000
 -3.275315 0.524705 -6.894341
 0.472421 0.389686
 -0.005773 -0.546999 0.837113
 1.000000 1.000000 1.000000 1.000000
 -0.943570 0.015045 -6.741554
 0.656282 0.388730
 -0.466407 -0.799897 0.377663
 1.000000 1.000000 1.000000 1.000000
 -1.783410 -0.666916 -7.946815
 0.594364 0.464685
 -0.179794 -0.676365 0.714286
 1.000000 1.000000 1.000000 1.000000
 -3.275315 0.524705 -6.894341
 0.473592 0.387379
 -0.005773 -0.546999 0.837113
 1.000000 1.000000 1.000000 1.000000
 -3.626836 -0.016504 -7.616814
 0.459448 0.443479
 -0.050741 -0.748319 0.661396
 1.000000 1.000000 1.000000 1.000000
 -3.275315 0.524705 -6.894341
 0.473592 0.387379
 -0.005773 -0.546999 0.837113
 1.000000 1.000000 1.000000 1.000000
 -1.783410 -0.666916 -7.946815
 0.594364 0.464685
 -0.179794 -0.676365 0.714286
 1.000000 1.000000 1.000000 1.000000
 -0.943570 0.015045 -6.741554
 0.656282 0.388730
 -0.466407 -0.799897 0.377663
 1.000000 1.000000 1.000000 1.000000
 -3.626836 -0.016504 -7.616814
 0.459448 0.443479
 -0.050741 -0.748319 0.661396
 1.000000 1.000000 1.000000 1.000000
 -2.868132 -1.672136 -8.891426
 0.516764 0.508711
 -0.306561 -0.673380 0.672740
 1.000000 1.000000 1.000000 1.000000
 -1.783410 -0.666916 -7.946815
 0.594364 0.464685
 -0.179794 -0.676365 0.714286
 1.000000 1.000000 1.000000 1.000000
 -2.868132 -1.672136 -8.891426
 0.516764 0.508711
 -0.306561 -0.673380 0.672740
 1.000000 1.000000 1.000000 1.000000
 -3.626836 -0.016504 -7.616814
 0.459448 0.443479
 -0.050741 -0.748319 0.661396
 1.000000 1.000000 1.000000 1.000000
 -4.005717 -0.556144 -8.206837
 0.432525 0.480981
 -0.338792 -0.871798 0.353821
 1.000000 1.000000 1.000000 1.000000
 -4.005717 -0.556144 -8.206837
 0.938881 0.079405
 -0.338792 -0.871798 0.353821
 1.000000 1.000000 1.000000 1.000000
 -3.626836 -0.016504 -7.616814
 0.907333 0.073633
 -0.050741 -0.748319 0.661396
 1.000000 1.000000 1.000000 1.000000
 -4.013283 -0.009605 -7.575851
 0.908099 0.081385
 0.064640 -0.806982 0.587028
 1.000000 1.000000 1.000000 1.000000
 -6.009398 0.277757 -7.031639
 0.892039 0.135633
 -0.206842 -0.621835 0.755339
 1.000000 1.000000 1.000000 1.000000
 -7.093163 0.423491 -7.245159
 0.892893 0.155806
 -0.207804 -0.397953 0.893561
 1.000000 1.000000 1.000000 1.000000
 -5.264635 -0.345479 -8.248795
 0.937349 0.117763
 -0.199401 -0.964330 0.174090
 1.000000 1.000000 1.000000 1.000000
 -3.677644 -1.373873 -9.640934
 0.458941 0.583779
 -0.789040 -0.399037 0.467103
 1.000000 1.000000 1.000000 1.000000
 -3.982570 -0.191453 -9.145901
 0.386084 0.553880
 -0.877520 -0.406776 -0.253952
 1.000000 1.000000 1.000000 1.000000
 -3.969876 -0.761913 -9.669754
 0.412010 0.592342
 -0.899945 -0.305597 0.310980
 1.000000 1.000000 1.000000 1.000000
 -3.982570 -0.191453 -9.145901
 0.386084 0.553880
 -0.877520 -0.406776 -0.253952
 1.000000 1.000000 1.000000 1.000000
 -3.677644 -1.373873 -9.640934
 0.458941 0.583779
 -0.789040 -0.399037 0.467103
 1.000000 1.000000 1.000000 1.000000
 -3.516822 -1.287492 -9.321659
 0.466183 0.548851
 -0.771210 -0.569386 0.284666
 1.000000 1.000000 1.000000 1.000000
 -1.396107 2.460431 -6.290279
 0.535069 0.284211
 -0.213710 0.790502 0.573964
 1.000000 1.000000 1.000000 1.000000
 0.078951 2.230010 -5.334085
 0.497988 0.213782
 -0.000000 0.803326 0.595539
 1.000000 1.000000 1.000000 1.000000
 0.078951 2.291977 -6.114277
 0.497804 0.274401
 0.000000 0.986629 0.162983
 1.000000 1.000000 1.000000 1.000000
 -3.982570 -0.191453 -9.145901
 0.386084 0.553880
 -0.877520 -0.406776 -0.253952
 1.000000 1.000000 1.000000 1.000000
 -3.516822 -1.287492 -9.321659
 0.466183 0.548851
 -0.771210 -0.569386 0.284666
 1.000000 1.000000 1.000000 1.000000
 -4.005717 -0.556144 -8.206837
 0.432525 0.480981
 -0.338792 -0.871798 0.353821
 1.000000 1.000000 1.000000 1.000000
 -4.021854 1.530665 -10.067287
 0.254811 0.603093
 -0.891866 0.327232 -0.312240
 1.000000 1.000000 1.000000 1.000000
 -4.207655 0.603708 -9.221195
 0.297070 0.556786
 -0.911282 -0.165910 -0.376882
 1.000000 1.000000 1.000000 1.000000
 -4.266918 1.658269 -9.271584
 0.253883 0.553703
 -0.931185 0.181849 -0.315952
 1.000000 1.000000 1.000000 1.000000
 -4.207655 0.603708 -9.221195
 0.297070 0.556786
 -0.911282 -0.165910 -0.376882
 1.000000 1.000000 1.000000 1.000000
 -4.021854 1.530665 -10.067287
 0.254811 0.603093
 -0.891866 0.327232 -0.312240
 1.000000 1.000000 1.000000 1.000000
 -4.078729 0.386794 -9.815723
 0.320254 0.596061
 -0.986783 -0.113730 -0.115434
 1.000000 1.000000 1.000000 1.000000
 -1.355932 0.791014 -6.033360
 0.586889 0.267535
 -0.913584 -0.367347 0.174417
 1.000000 1.000000 1.000000 1.000000
 -1.177732 1.540334 -5.478859
 0.525217 0.220489
 -0.782600 0.434685 0.445629
 1.000000 1.000000 1.000000 1.000000
 -2.056440 1.675724 -6.442104
 0.567533 0.287870
 -0.374148 -0.122053 0.919302
 1.000000 1.000000 1.000000 1.000000
 -0.541432 -0.625324 -4.787521
 0.697712 0.288931
 -0.412833 -0.883759 -0.220315
 1.000000 1.000000 1.000000 1.000000
 -1.114035 -0.411836 -4.441277
 0.665588 0.269611
 -0.828316 -0.536638 -0.160972
 1.000000 1.000000 1.000000 1.000000
 -0.943570 0.015045 -6.741554
 0.656282 0.388730
 -0.466407 -0.799897 0.377663
 1.000000 1.000000 1.000000 1.000000
 -1.155139 1.328161 -4.268215
 0.528411 0.160629
 -0.798226 0.587929 0.131052
 1.000000 1.000000 1.000000 1.000000
 0.078951 1.919772 -4.133000
 0.497657 0.139672
 -0.000000 0.964377 -0.264532
 1.000000 1.000000 1.000000 1.000000
 0.078951 2.211191 -5.319857
 0.497895 0.212650
 -0.000000 0.819968 0.572409
 1.000000 1.000000 1.000000 1.000000
 0.078951 2.211191 -5.319857
 0.497895 0.212650
 -0.000000 0.819968 0.572409
 1.000000 1.000000 1.000000 1.000000
 -1.177732 1.540334 -5.478859
 0.525217 0.220489
 -0.782600 0.434685 0.445629
 1.000000 1.000000 1.000000 1.000000
 -1.155139 1.328161 -4.268215
 0.528411 0.160629
 -0.798226 0.587929 0.131052
 1.000000 1.000000 1.000000 1.000000
 -1.313853 3.053779 -8.566803
 0.079731 0.506553
 0.179706 0.978014 0.105807
 1.000000 1.000000 1.000000 1.000000
 0.078951 2.860112 -8.216311
 0.006293 0.506529
 0.000000 0.995179 0.098074
 1.000000 1.000000 1.000000 1.000000
 0.078951 2.561413 -10.568395
 0.006313 0.622148
 0.000000 0.998330 -0.057765
 1.000000 1.000000 1.000000 1.000000
 0.078951 2.561413 -10.568395
 0.006313 0.622148
 0.000000 0.998330 -0.057765
 1.000000 1.000000 1.000000 1.000000
 -1.860504 3.208740 -10.636837
 0.111951 0.628723
 0.288958 0.957330 -0.004643
 1.000000 1.000000 1.000000 1.000000
 -1.313853 3.053779 -8.566803
 0.079731 0.506553
 0.179706 0.978014 0.105807
 1.000000 1.000000 1.000000 1.000000
 -1.396107 2.460431 -6.290279
 0.070526 0.403837
 -0.213710 0.790502 0.573964
 1.000000 1.000000 1.000000 1.000000
 0.078951 2.291977 -6.114277
 0.003900 0.411012
 0.000000 0.986629 0.162983
 1.000000 1.000000 1.000000 1.000000
 0.078951 2.860112 -8.216311
 0.006293 0.506529
 0.000000 0.995179 0.098074
 1.000000 1.000000 1.000000 1.000000
 0.078951 2.860112 -8.216311
 0.006293 0.506529
 0.000000 0.995179 0.098074
 1.000000 1.000000 1.000000 1.000000
 -1.313853 3.053779 -8.566803
 0.079731 0.506553
 0.179706 0.978014 0.105807
 1.000000 1.000000 1.000000 1.000000
 -1.396107 2.460431 -6.290279
 0.070526 0.403837
 -0.213710 0.790502 0.573964
 1.000000 1.000000 1.000000 1.000000
 152
 0 1 2
 3 4 5
 6 7 8
 9 10 11
 12 13 14
 15 16 17
 18 19 20
 21 22 23
 24 25 26
 27 28 29
 30 31 32
 33 34 35
 36 37 38
 39 40 41
 42 43 44
 45 46 47
 48 49 50
 51 52 53
 54 55 56
 57 58 59
 60 61 62
 63 64 65
 66 67 68
 69 70 71
 72 73 74
 75 76 77
 78 79 80
 81 82 83
 84 85 86
 87 88 89
 90 91 92
 93 94 95
 96 97 98
 99 100 101
 102 103 104
 105 106 107
 108 109 110
 111 112 113
 114 115 116
 117 118 119
 120 121 122
 123 124 125
 126 127 128
 129 130 131
 132 133 134
 135 136 137
 138 139 140
 141 142 143
 144 145 146
 147 148 149
 150 151 152
 153 154 155
 156 157 158
 159 160 161
 162 163 164
 165 166 167
 168 169 170
 171 172 173
 174 175 176
 177 178 179
 180 181 182
 183 184 185
 186 187 188
 189 190 191
 192 193 194
 195 196 197
 198 199 200
 201 202 203
 204 205 206
 207 208 209
 210 211 212
 213 214 215
 216 217 218
 219 220 221
 222 223 224
 225 226 227
 228 229 230
 231 232 233
 234 235 236
 237 238 239
 240 241 242
 243 244 245
 246 247 248
 249 250 251
 252 253 254
 255 256 257
 258 259 260
 261 262 263
 264 265 266
 267 268 269
 270 271 272
 273 274 275
 276 277 278
 279 280 281
 282 283 284
 285 286 287
 288 289 290
 291 292 293
 294 295 296
 297 298 299
 300 301 302
 303 304 305
 306 307 308
 309 310 311
 312 313 314
 315 316 317
 318 319 320
 321 322 323
 324 325 326
 327 328 329
 330 331 332
 333 334 335
 336 337 338
 339 340 341
 342 343 344
 345 346 347
 348 349 350
 351 352 353
 354 355 356
 357 358 359
 360 361 362
 363 364 365
 366 367 368
 369 370 371
 372 373 374
 375 376 377
 378 379 380
 381 382 383
 384 385 386
 387 388 389
 390 391 392
 393 394 395
 396 397 398
 399 400 401
 402 403 404
 405 406 407
 408 409 410
 411 412 413
 414 415 416
 417 418 419
 420 421 422
 423 424 425
 426 427 428
 429 430 431
 432 433 434
 435 436 437
 438 439 440
 441 442 443
 444 445 446
 447 448 449
 450 451 452
 453 454 455
