 17
 0.000000
 -0.141032 0.000083 0.000251 0.000000 0.000251 -0.000425 0.141031 0.000000 0.000079 0.133705 0.000403 0.000000 32.247509 -0.941437 0.258030 1.000000
 0.100000
 -0.141032 0.000083 0.000251 0.000000 0.000251 -0.000425 0.141031 0.000000 0.000079 0.133705 0.000403 0.000000 25.525267 -0.941437 0.258030 1.000000
 0.200000
 -0.141032 0.000083 0.000251 0.000000 0.000251 -0.000425 0.141031 0.000000 0.000079 0.133705 0.000403 0.000000 16.115086 -0.941437 0.258030 1.000000
 0.300000
 -0.141032 0.000083 0.000251 0.000000 0.000251 -0.000425 0.141031 0.000000 0.000079 0.133705 0.000403 0.000000 15.168699 -0.941437 0.258030 1.000000
 0.400000
 -0.141032 0.000083 0.000251 0.000000 0.000251 -0.000425 0.141031 0.000000 0.000079 0.133705 0.000403 0.000000 15.168699 -0.941437 0.258030 1.000000
 0.500000
 -0.141032 0.000083 0.000251 0.000000 0.000251 -0.000425 0.141031 0.000000 0.000079 0.133705 0.000403 0.000000 15.168699 -0.941437 0.258030 1.000000
 0.600000
 -0.141032 0.000083 0.000251 0.000000 0.000251 -0.000425 0.141031 0.000000 0.000079 0.133705 0.000403 0.000000 15.168699 -0.941437 0.258030 1.000000
 0.700000
 -0.141032 0.000083 0.000251 0.000000 0.000251 -0.000425 0.141031 0.000000 0.000079 0.133705 0.000403 0.000000 15.168699 -0.941437 0.258030 1.000000
 0.800000
 -0.141032 0.000083 0.000251 0.000000 0.000251 -0.000425 0.141031 0.000000 0.000079 0.133705 0.000403 0.000000 15.168699 -0.941437 0.258030 1.000000
 0.900000
 -0.141032 0.000083 0.000251 0.000000 0.000251 -0.000425 0.141031 0.000000 0.000079 0.133705 0.000403 0.000000 15.168699 -0.941437 0.258030 1.000000
 1.000000
 -0.141032 0.000083 0.000251 0.000000 0.000251 -0.000425 0.141031 0.000000 0.000079 0.133705 0.000403 0.000000 15.168699 -0.941437 0.258030 1.000000
 1.100000
 -0.141032 0.000083 0.000251 0.000000 0.000251 -0.000425 0.141031 0.000000 0.000079 0.133705 0.000403 0.000000 15.168699 -0.941437 0.258030 1.000000
 1.200000
 -0.141032 0.000083 0.000251 0.000000 0.000251 -0.000425 0.141031 0.000000 0.000079 0.133705 0.000403 0.000000 15.168699 -0.941437 0.258030 1.000000
 1.300000
 -0.141032 0.000083 0.000251 0.000000 0.000251 -0.000425 0.141031 0.000000 0.000079 0.133705 0.000403 0.000000 15.168699 -0.941437 0.258030 1.000000
 1.400000
 -0.141032 0.000083 0.000251 0.000000 0.000251 -0.000425 0.141031 0.000000 0.000079 0.133705 0.000403 0.000000 15.168699 -0.941437 0.258030 1.000000
 1.500000
 -0.141032 0.000083 0.000251 0.000000 0.000251 -0.000425 0.141031 0.000000 0.000079 0.133705 0.000403 0.000000 15.168699 -0.941437 0.258030 1.000000
 1.533000
 -0.141032 0.000083 0.000251 0.000000 0.000251 -0.000425 0.141031 0.000000 0.000079 0.133705 0.000403 0.000000 15.168699 -0.941437 0.258030 1.000000
