 17
 0.000000
 1.160849 0.000006 -0.001930 0.000000 0.000005 1.160857 0.000955 0.000000 -0.001735 0.000858 0.861444 0.000000 196.188187 -1.109910 30.266399 1.000000
 0.100000
 1.297289 0.086832 -0.003096 0.000000 -0.086813 1.297303 0.002228 0.000000 -0.003280 0.000996 0.774210 0.000000 148.657852 -1.157786 27.662510 1.000000
 0.200000
 1.344563 0.291943 -0.003052 0.000000 -0.291920 1.344580 0.003852 0.000000 -0.004416 0.000079 0.726818 0.000000 82.192535 -1.028541 26.272474 1.000000
 0.300000
 1.063595 0.596746 0.000159 0.000000 -0.596734 1.063616 0.004740 0.000000 -0.002549 -0.002882 0.862521 0.000000 75.801216 -0.587503 30.370514 1.000000
 0.400000
 0.575049 0.661465 0.005071 0.000000 -0.661483 0.575073 0.003253 0.000000 0.002610 -0.005457 1.140906 0.000000 75.802536 0.008341 38.772316 1.000000
 0.500000
 0.964801 0.570027 0.001056 0.000000 -0.570020 0.964815 0.004097 0.000000 -0.001504 -0.003172 0.918675 0.000000 75.749252 -0.479527 32.065678 1.000000
 0.600000
 1.171878 0.333275 -0.001393 0.000000 -0.333269 1.171865 0.003317 0.000000 -0.002827 -0.000937 0.824969 0.000000 75.499771 -0.800125 29.238888 1.000000
 0.700000
 1.018363 0.154441 -0.000522 0.000000 -0.154459 1.018231 0.001256 0.000000 -0.000110 -0.000760 0.970865 0.000000 75.271599 -0.680578 33.642944 1.000000
 0.800000
 1.094346 0.048714 -0.001374 0.000000 -0.048710 1.094283 0.000900 0.000000 -0.000886 0.000228 0.916155 0.000000 75.146523 -0.802483 31.992670 1.000000
 0.900000
 1.160849 0.000006 -0.001930 0.000000 0.000005 1.160857 0.000955 0.000000 -0.001735 0.000858 0.861444 0.000000 75.089485 -0.894788 30.341976 1.000000
 1.000000
 1.160849 0.000006 -0.001930 0.000000 0.000005 1.160857 0.000955 0.000000 -0.001735 0.000858 0.861444 0.000000 75.089485 -0.894788 30.341976 1.000000
 1.100000
 1.160849 0.000006 -0.001930 0.000000 0.000005 1.160857 0.000955 0.000000 -0.001735 0.000858 0.861444 0.000000 75.089485 -0.894788 30.341976 1.000000
 1.200000
 1.160849 0.000006 -0.001930 0.000000 0.000005 1.160857 0.000955 0.000000 -0.001735 0.000858 0.861444 0.000000 75.089485 -0.894788 30.341976 1.000000
 1.300000
 1.160849 0.000006 -0.001930 0.000000 0.000005 1.160857 0.000955 0.000000 -0.001735 0.000858 0.861444 0.000000 75.089485 -0.894788 30.341976 1.000000
 1.400000
 1.160849 0.000006 -0.001930 0.000000 0.000005 1.160857 0.000955 0.000000 -0.001735 0.000858 0.861444 0.000000 75.089485 -0.894788 30.341976 1.000000
 1.500000
 1.160849 0.000006 -0.001930 0.000000 0.000005 1.160857 0.000955 0.000000 -0.001735 0.000858 0.861444 0.000000 75.089485 -0.894788 30.341976 1.000000
 1.533000
 1.160849 0.000006 -0.001930 0.000000 0.000005 1.160857 0.000955 0.000000 -0.001735 0.000858 0.861444 0.000000 75.089485 -0.894788 30.341976 1.000000
