 34
 -1.066000
 1.000000 0.000000 0.000000 0.000000 0.000000 0.000000 -1.000000 0.000000 0.000000 1.000000 0.000000 0.000000 -0.078951 55.766472 -0.409808 1.000000
 -0.966000
 1.000000 0.000000 0.000000 0.000000 0.000000 0.000000 -1.000000 0.000000 0.000000 1.000000 0.000000 0.000000 -0.078951 55.766472 -0.409808 1.000000
 -0.866000
 1.000000 0.000000 0.000000 0.000000 0.000000 0.000000 -1.000000 0.000000 0.000000 1.000000 0.000000 0.000000 -0.078951 55.766472 -0.409808 1.000000
 -0.766000
 1.000000 0.000000 0.000000 0.000000 0.000000 0.000000 -1.000000 0.000000 0.000000 1.000000 0.000000 0.000000 -0.078951 55.766472 -0.409808 1.000000
 -0.666000
 1.000000 0.000000 0.000000 0.000000 0.000000 0.000000 -1.000000 0.000000 0.000000 1.000000 0.000000 0.000000 -0.078951 55.766472 -0.409808 1.000000
 -0.566000
 1.000000 0.000000 0.000000 0.000000 0.000000 0.000000 -1.000000 0.000000 0.000000 1.000000 0.000000 0.000000 -0.078951 55.766472 -0.409808 1.000000
 -0.466000
 1.000000 0.000000 0.000000 0.000000 0.000000 0.000000 -1.000000 0.000000 0.000000 1.000000 0.000000 0.000000 -0.078951 55.766472 -0.409808 1.000000
 -0.366000
 1.000000 0.000000 0.000000 0.000000 0.000000 0.000000 -1.000000 0.000000 0.000000 1.000000 0.000000 0.000000 -0.078951 55.766472 -0.409808 1.000000
 -0.266000
 1.000000 0.000000 0.000000 0.000000 0.000000 0.000000 -1.000000 0.000000 0.000000 1.000000 0.000000 0.000000 -0.078951 55.766472 -0.409808 1.000000
 -0.166000
 1.000000 0.000000 0.000000 0.000000 0.000000 0.000000 -1.000000 0.000000 0.000000 1.000000 0.000000 0.000000 -0.078951 55.766472 -0.409808 1.000000
 -0.066000
 1.000000 0.000000 0.000000 0.000000 0.000000 0.000000 -1.000000 0.000000 0.000000 1.000000 0.000000 0.000000 -0.078951 55.766472 -0.409808 1.000000
 0.033000
 1.000000 0.000000 0.000000 0.000000 0.000000 0.000000 -1.000000 0.000000 0.000000 1.000000 0.000000 0.000000 -0.078951 55.766472 -0.409808 1.000000
 0.133000
 1.000000 0.000000 0.000000 0.000000 0.000000 0.000000 -1.000000 0.000000 0.000000 1.000000 0.000000 0.000000 -0.078951 55.766472 -0.409808 1.000000
 0.233000
 1.000000 0.000000 0.000000 0.000000 0.000000 0.000000 -1.000000 0.000000 0.000000 1.000000 0.000000 0.000000 -0.078951 55.766472 -0.409808 1.000000
 0.333000
 1.000000 0.000000 0.000000 0.000000 0.000000 0.000000 -1.000000 0.000000 0.000000 1.000000 0.000000 0.000000 -0.078951 55.766472 -0.409808 1.000000
 0.433000
 1.000000 0.000000 0.000000 0.000000 0.000000 0.000000 -1.000000 0.000000 0.000000 1.000000 0.000000 0.000000 -0.078951 55.766472 -0.409808 1.000000
 0.533000
 1.000000 0.000000 0.000000 0.000000 0.000000 0.000000 -1.000000 0.000000 0.000000 1.000000 0.000000 0.000000 -0.078951 55.766472 -0.409808 1.000000
 0.633000
 1.000000 0.000000 0.000000 0.000000 0.000000 0.000000 -1.000000 0.000000 0.000000 1.000000 0.000000 0.000000 -0.078951 55.766472 -0.409808 1.000000
 0.733000
 1.000000 0.000000 0.000000 0.000000 0.000000 0.000000 -1.000000 0.000000 0.000000 1.000000 0.000000 0.000000 -0.078951 55.766472 -0.409808 1.000000
 0.833000
 1.000000 0.000000 0.000000 0.000000 0.000000 0.000000 -1.000000 0.000000 0.000000 1.000000 0.000000 0.000000 -0.078951 55.766472 -0.409808 1.000000
 0.933000
 1.000000 0.000000 0.000000 0.000000 0.000000 0.000000 -1.000000 0.000000 0.000000 1.000000 0.000000 0.000000 -0.078951 55.766472 -0.409808 1.000000
 1.033000
 1.000000 0.000000 0.000000 0.000000 0.000000 0.000000 -1.000000 0.000000 0.000000 1.000000 0.000000 0.000000 -0.078951 55.766472 -0.409808 1.000000
 1.133000
 1.000000 0.000000 0.000000 0.000000 0.000000 0.000000 -1.000000 0.000000 0.000000 1.000000 0.000000 0.000000 -0.078951 55.766472 -0.409808 1.000000
 1.233000
 1.000000 0.000000 0.000000 0.000000 0.000000 0.000000 -1.000000 0.000000 0.000000 1.000000 0.000000 0.000000 -0.078951 55.766472 -0.409808 1.000000
 1.333000
 1.000000 0.000000 0.000000 0.000000 0.000000 0.000000 -1.000000 0.000000 0.000000 1.000000 0.000000 0.000000 -0.078951 55.766472 -0.409808 1.000000
 1.433000
 1.000000 0.000000 0.000000 0.000000 0.000000 0.000000 -1.000000 0.000000 0.000000 1.000000 0.000000 0.000000 -0.078951 55.766472 -0.409808 1.000000
 1.533000
 1.000000 0.000000 0.000000 0.000000 0.000000 0.000000 -1.000000 0.000000 0.000000 1.000000 0.000000 0.000000 -0.078951 55.766472 -0.409808 1.000000
 1.633000
 1.000000 0.000000 0.000000 0.000000 0.000000 0.000000 -1.000000 0.000000 0.000000 1.000000 0.000000 0.000000 -0.078951 55.766472 -0.409808 1.000000
 1.733000
 1.000000 0.000000 0.000000 0.000000 0.000000 0.000000 -1.000000 0.000000 0.000000 1.000000 0.000000 0.000000 -0.078951 55.766472 -0.409808 1.000000
 1.833000
 1.000000 0.000000 0.000000 0.000000 0.000000 0.000000 -1.000000 0.000000 0.000000 1.000000 0.000000 0.000000 -0.078951 55.766472 -0.409808 1.000000
 1.933000
 1.000000 0.000000 0.000000 0.000000 0.000000 0.000000 -1.000000 0.000000 0.000000 1.000000 0.000000 0.000000 -0.078951 55.766472 -0.409808 1.000000
 2.033000
 1.000000 0.000000 0.000000 0.000000 0.000000 0.000000 -1.000000 0.000000 0.000000 1.000000 0.000000 0.000000 -0.078951 55.766472 -0.409808 1.000000
 2.133000
 1.000000 0.000000 0.000000 0.000000 0.000000 0.000000 -1.000000 0.000000 0.000000 1.000000 0.000000 0.000000 -0.078951 55.766472 -0.409808 1.000000
 2.133000
 1.000000 0.000000 0.000000 0.000000 0.000000 0.000000 -1.000000 0.000000 0.000000 1.000000 0.000000 0.000000 -0.078951 55.766472 -0.409808 1.000000
