m_aniFrameList.size 17
aniFrame
  m_time 0.000000
  m_vertexTransformMat 1.188892 0.000000 0.000000 0.000000 0.000000 0.000000 -0.834930 0.000000 0.000000 1.000000 0.000000 0.000000 -0.076958 0.000000 -0.345226 1.000000
aniFrame
  m_time 0.100000
  m_vertexTransformMat 1.188892 0.000000 0.000000 0.000000 0.000000 0.000000 -0.834930 0.000000 0.000000 1.000000 0.000000 0.000000 -0.076958 0.000000 -0.345226 1.000000
aniFrame
  m_time 0.200000
  m_vertexTransformMat 1.188892 0.000000 0.000000 0.000000 0.000000 0.000000 -0.834930 0.000000 0.000000 1.000000 0.000000 0.000000 -0.076958 0.000000 -0.345226 1.000000
aniFrame
  m_time 0.300000
  m_vertexTransformMat 1.188892 0.000000 0.000000 0.000000 0.000000 0.000000 -0.834930 0.000000 0.000000 1.000000 0.000000 0.000000 -0.076958 0.000000 -0.345226 1.000000
aniFrame
  m_time 0.400000
  m_vertexTransformMat 1.188892 0.000000 0.000000 0.000000 0.000000 0.000000 -0.834930 0.000000 0.000000 1.000000 0.000000 0.000000 -0.076958 0.000000 -0.345226 1.000000
aniFrame
  m_time 0.500000
  m_vertexTransformMat 1.188892 0.000000 0.000000 0.000000 0.000000 0.000000 -0.834930 0.000000 0.000000 1.000000 0.000000 0.000000 -0.076958 0.000000 -0.345226 1.000000
aniFrame
  m_time 0.600000
  m_vertexTransformMat 1.188892 0.000000 0.000000 0.000000 0.000000 0.000000 -0.834930 0.000000 0.000000 1.000000 0.000000 0.000000 -0.076958 0.000000 -0.345226 1.000000
aniFrame
  m_time 0.700000
  m_vertexTransformMat 1.188892 0.000000 0.000000 0.000000 0.000000 0.000000 -0.834930 0.000000 0.000000 1.000000 0.000000 0.000000 -0.076958 0.000000 -0.345226 1.000000
aniFrame
  m_time 0.800000
  m_vertexTransformMat 1.188892 0.000000 0.000000 0.000000 0.000000 0.000000 -0.834930 0.000000 0.000000 1.000000 0.000000 0.000000 -0.076958 0.000000 -0.345226 1.000000
aniFrame
  m_time 0.900000
  m_vertexTransformMat 1.188892 0.000000 0.000000 0.000000 0.000000 0.000000 -0.834930 0.000000 0.000000 1.000000 0.000000 0.000000 -0.076958 0.000000 -0.345226 1.000000
aniFrame
  m_time 1.000000
  m_vertexTransformMat 1.188892 0.000000 0.000000 0.000000 0.000000 0.000000 -0.834930 0.000000 0.000000 1.000000 0.000000 0.000000 -0.076958 0.000000 -0.345226 1.000000
aniFrame
  m_time 1.100000
  m_vertexTransformMat 1.188892 0.000000 0.000000 0.000000 0.000000 0.000000 -0.834930 0.000000 0.000000 1.000000 0.000000 0.000000 -0.076958 0.000000 -0.345226 1.000000
aniFrame
  m_time 1.200000
  m_vertexTransformMat 1.188892 0.000000 0.000000 0.000000 0.000000 0.000000 -0.834930 0.000000 0.000000 1.000000 0.000000 0.000000 -0.076958 0.000000 -0.345226 1.000000
aniFrame
  m_time 1.300000
  m_vertexTransformMat 1.188892 0.000000 0.000000 0.000000 0.000000 0.000000 -0.834930 0.000000 0.000000 1.000000 0.000000 0.000000 -0.076958 0.000000 -0.345226 1.000000
aniFrame
  m_time 1.400000
  m_vertexTransformMat 1.188892 0.000000 0.000000 0.000000 0.000000 0.000000 -0.834930 0.000000 0.000000 1.000000 0.000000 0.000000 -0.076958 0.000000 -0.345226 1.000000
aniFrame
  m_time 1.500000
  m_vertexTransformMat 1.188892 0.000000 0.000000 0.000000 0.000000 0.000000 -0.834930 0.000000 0.000000 1.000000 0.000000 0.000000 -0.076958 0.000000 -0.345226 1.000000
aniFrame
  m_time 1.533000
  m_vertexTransformMat 1.188892 0.000000 0.000000 0.000000 0.000000 0.000000 -0.834930 0.000000 0.000000 1.000000 0.000000 0.000000 -0.076958 0.000000 -0.345226 1.000000
