 17
 0.000000
 -0.141032 0.000083 0.000251 0.000000 0.000251 -0.000425 0.141031 0.000000 0.000074 0.125812 0.000379 0.000000 -4.473182 3.471197 0.076840 1.000000
 0.100000
 -0.144668 0.000085 0.000257 0.000000 0.000257 -0.000436 0.144668 0.000000 0.000071 0.120318 0.000362 0.000000 -4.472989 3.319563 0.082750 1.000000
 0.200000
 -0.155578 0.000091 0.000277 0.000000 0.000276 -0.000469 0.155578 0.000000 0.000061 0.103836 0.000313 0.000000 -4.472408 2.864662 0.100481 1.000000
 0.300000
 -0.144454 0.000085 0.000257 0.000000 0.000257 -0.000435 0.144453 0.000000 0.000074 0.124258 0.000374 0.000000 -4.472941 3.428288 0.082702 1.000000
 0.400000
 -0.123216 0.000072 0.000219 0.000000 0.000219 -0.000371 0.123216 0.000000 0.000097 0.163245 0.000492 0.000000 -4.473958 4.504300 0.048760 1.000000
 0.500000
 -0.121226 0.000071 0.000216 0.000000 0.000215 -0.000365 0.121226 0.000000 0.000100 0.168234 0.000507 0.000000 -4.474032 4.641991 0.045691 1.000000
 0.600000
 -0.136876 0.000080 0.000243 0.000000 0.000243 -0.000412 0.136875 0.000000 0.000089 0.149675 0.000451 0.000000 -4.473116 4.129755 0.071546 1.000000
 0.700000
 -0.131346 0.000077 0.000234 0.000000 0.000233 -0.000396 0.131345 0.000000 0.000090 0.151721 0.000457 0.000000 -4.473514 4.186246 0.062035 1.000000
 0.800000
 -0.124503 0.000073 0.000221 0.000000 0.000221 -0.000375 0.124502 0.000000 0.000092 0.154898 0.000467 0.000000 -4.473994 4.273958 0.050319 1.000000
 0.900000
 -0.132396 0.000078 0.000235 0.000000 0.000235 -0.000399 0.132396 0.000000 0.000083 0.141008 0.000425 0.000000 -4.473607 3.890599 0.062984 1.000000
 1.000000
 -0.140290 0.000082 0.000249 0.000000 0.000249 -0.000423 0.140289 0.000000 0.000075 0.127118 0.000383 0.000000 -4.473218 3.507239 0.075649 1.000000
 1.100000
 -0.141032 0.000083 0.000251 0.000000 0.000251 -0.000425 0.141031 0.000000 0.000074 0.125812 0.000379 0.000000 -4.473182 3.471197 0.076840 1.000000
 1.200000
 -0.141032 0.000083 0.000251 0.000000 0.000251 -0.000425 0.141031 0.000000 0.000074 0.125812 0.000379 0.000000 -4.473182 3.471197 0.076840 1.000000
 1.300000
 -0.141032 0.000083 0.000251 0.000000 0.000251 -0.000425 0.141031 0.000000 0.000074 0.125812 0.000379 0.000000 -4.473182 3.471197 0.076840 1.000000
 1.400000
 -0.141032 0.000083 0.000251 0.000000 0.000251 -0.000425 0.141031 0.000000 0.000074 0.125812 0.000379 0.000000 -4.473182 3.471197 0.076840 1.000000
 1.500000
 -0.141032 0.000083 0.000251 0.000000 0.000251 -0.000425 0.141031 0.000000 0.000074 0.125812 0.000379 0.000000 -4.473182 3.471197 0.076840 1.000000
 1.533000
 -0.141032 0.000083 0.000251 0.000000 0.000251 -0.000425 0.141031 0.000000 0.000074 0.125812 0.000379 0.000000 -4.473182 3.471197 0.076840 1.000000
