 1
 307
 6
 0 56
 0 58
 0 65
 0 1011
 0 1016
 0 1027
 6
 0 104
 0 106
 0 113
 0 1012
 0 1025
 0 1026
 8
 0 110
 0 112
 0 368
 0 370
 0 1013
 0 1014
 0 1078
 0 1080
 4
 0 59
 0 313
 0 1015
 0 1082
 7
 0 68
 0 70
 0 77
 0 1017
 0 1022
 0 1029
 0 1034
 5
 0 92
 0 94
 0 101
 0 1018
 0 1033
 6
 0 98
 0 100
 0 107
 0 1019
 0 1020
 0 1024
 6
 0 62
 0 64
 0 71
 0 1021
 0 1023
 0 1028
 7
 0 0
 0 3
 0 6
 0 9
 0 138
 0 141
 0 193
 6
 0 1
 0 186
 0 189
 0 192
 0 195
 0 199
 6
 0 2
 0 4
 0 114
 0 117
 0 173
 0 191
 5
 0 5
 0 7
 0 170
 0 172
 0 179
 7
 0 8
 0 10
 0 176
 0 178
 0 235
 0 240
 0 243
 5
 0 11
 0 139
 0 229
 0 234
 0 237
 6
 0 12
 0 15
 0 185
 0 270
 0 273
 0 439
 6
 0 13
 0 182
 0 184
 0 236
 0 238
 0 245
 7
 0 14
 0 16
 0 206
 0 208
 0 242
 0 244
 0 251
 6
 0 18
 0 21
 0 36
 0 39
 0 43
 0 257
 4
 0 19
 0 41
 0 281
 0 295
 6
 0 23
 0 209
 0 248
 0 250
 0 252
 0 255
 8
 0 24
 0 27
 0 119
 0 120
 0 123
 0 168
 0 171
 0 1069
 6
 0 25
 0 152
 0 154
 0 210
 0 213
 0 1068
 6
 0 26
 0 28
 0 158
 0 160
 0 215
 0 1073
 8
 0 29
 0 126
 0 129
 0 169
 0 174
 0 177
 0 1060
 0 1072
 5
 0 30
 0 33
 0 133
 0 223
 0 1040
 2
 0 31
 0 1039
 3
 0 32
 0 34
 0 49
 6
 0 35
 0 48
 0 51
 0 167
 0 224
 0 226
 3
 0 37
 0 42
 0 45
 7
 0 44
 0 46
 0 53
 0 162
 0 165
 0 254
 0 256
 3
 0 47
 0 50
 0 52
 5
 0 74
 0 76
 0 83
 0 1030
 0 1043
 6
 0 86
 0 88
 0 95
 0 1031
 0 1032
 0 1042
 3
 0 55
 0 60
 0 63
 3
 0 61
 0 66
 0 69
 3
 0 67
 0 72
 0 75
 3
 0 73
 0 78
 0 81
 8
 0 79
 0 84
 0 87
 0 132
 0 135
 0 156
 0 159
 0 1038
 4
 0 80
 0 82
 0 89
 0 1041
 6
 0 85
 0 90
 0 93
 0 161
 0 212
 0 214
 5
 0 91
 0 96
 0 99
 0 151
 0 211
 6
 0 97
 0 102
 0 105
 0 150
 0 153
 0 217
 6
 0 103
 0 108
 0 111
 0 216
 0 219
 0 1063
 6
 0 122
 0 124
 0 221
 0 1052
 0 1064
 0 1065
 5
 0 125
 0 155
 0 218
 0 220
 0 1070
 6
 0 127
 0 134
 0 136
 0 222
 0 225
 0 1059
 6
 0 128
 0 130
 0 164
 0 166
 0 227
 0 1036
 6
 0 131
 0 175
 0 241
 0 246
 0 249
 0 1035
 4
 0 163
 0 247
 0 253
 0 1037
 4
 0 137
 0 157
 0 1061
 0 1071
 6
 0 140
 0 142
 0 228
 0 231
 0 1053
 0 1075
 5
 0 143
 0 194
 0 196
 0 1046
 0 1055
 10
 0 1044
 0 1047
 0 1054
 0 1057
 0 1074
 0 1110
 0 1113
 0 1121
 0 1124
 0 1140
 5
 0 197
 0 200
 0 202
 0 1045
 0 1049
 6
 0 187
 0 198
 0 201
 0 449
 0 456
 0 459
 4
 0 145
 0 233
 0 1058
 0 1076
 6
 0 146
 0 148
 0 181
 0 230
 0 232
 0 239
 6
 0 115
 0 188
 0 190
 0 377
 0 446
 0 448
 8
 0 20
 0 22
 0 204
 0 207
 0 278
 0 280
 0 462
 0 465
 4
 0 38
 0 40
 0 296
 0 298
 6
 0 149
 0 180
 0 183
 0 403
 0 438
 0 441
 6
 0 314
 0 316
 0 319
 0 1077
 0 1081
 0 1094
 6
 0 362
 0 364
 0 367
 0 1079
 0 1090
 0 1092
 7
 0 326
 0 328
 0 331
 0 1083
 0 1087
 0 1095
 0 1099
 5
 0 350
 0 352
 0 355
 0 1085
 0 1100
 6
 0 356
 0 358
 0 361
 0 1084
 0 1086
 0 1091
 6
 0 320
 0 322
 0 325
 0 1088
 0 1089
 0 1093
 7
 0 258
 0 261
 0 264
 0 267
 0 396
 0 399
 0 455
 6
 0 263
 0 444
 0 447
 0 450
 0 453
 0 461
 6
 0 260
 0 262
 0 372
 0 375
 0 427
 0 445
 5
 0 259
 0 269
 0 428
 0 430
 0 433
 8
 0 116
 0 118
 0 121
 0 374
 0 376
 0 383
 0 1050
 0 1116
 7
 0 266
 0 268
 0 434
 0 436
 0 497
 0 498
 0 501
 5
 0 265
 0 401
 0 491
 0 492
 0 495
 6
 0 275
 0 440
 0 442
 0 494
 0 496
 0 499
 7
 0 272
 0 274
 0 464
 0 466
 0 500
 0 502
 0 505
 6
 0 276
 0 279
 0 294
 0 297
 0 305
 0 511
 6
 0 277
 0 463
 0 506
 0 508
 0 510
 0 513
 8
 0 282
 0 285
 0 373
 0 378
 0 381
 0 426
 0 429
 0 1136
 6
 0 287
 0 410
 0 412
 0 468
 0 471
 0 1134
 6
 0 284
 0 286
 0 416
 0 418
 0 469
 0 1138
 8
 0 283
 0 384
 0 387
 0 431
 0 432
 0 435
 0 1127
 0 1139
 5
 0 288
 0 291
 0 395
 0 485
 0 1105
 2
 0 293
 0 1106
 3
 0 290
 0 292
 0 311
 6
 0 289
 0 306
 0 309
 0 421
 0 482
 0 484
 3
 0 299
 0 300
 0 303
 7
 0 302
 0 304
 0 307
 0 420
 0 423
 0 512
 0 514
 3
 0 301
 0 308
 0 310
 5
 0 332
 0 334
 0 337
 0 1097
 0 1108
 6
 0 344
 0 346
 0 349
 0 1096
 0 1098
 0 1109
 3
 0 317
 0 318
 0 321
 3
 0 323
 0 324
 0 327
 3
 0 329
 0 330
 0 333
 3
 0 335
 0 336
 0 339
 8
 0 341
 0 342
 0 345
 0 390
 0 393
 0 414
 0 417
 0 1104
 4
 0 338
 0 340
 0 343
 0 1107
 6
 0 347
 0 348
 0 351
 0 415
 0 470
 0 472
 5
 0 353
 0 354
 0 357
 0 413
 0 473
 6
 0 359
 0 360
 0 363
 0 408
 0 411
 0 479
 6
 0 365
 0 366
 0 369
 0 474
 0 477
 0 1130
 6
 0 380
 0 382
 0 475
 0 1117
 0 1129
 0 1131
 5
 0 379
 0 409
 0 476
 0 478
 0 1135
 6
 0 389
 0 392
 0 394
 0 480
 0 483
 0 1125
 6
 0 386
 0 388
 0 422
 0 424
 0 481
 0 1103
 6
 0 385
 0 437
 0 503
 0 504
 0 507
 0 1101
 4
 0 425
 0 509
 0 515
 0 1102
 4
 0 391
 0 419
 0 1126
 0 1137
 6
 0 398
 0 400
 0 486
 0 489
 0 1119
 0 1142
 5
 0 397
 0 452
 0 454
 0 1111
 0 1120
 5
 0 451
 0 458
 0 460
 0 1112
 0 1114
 4
 0 407
 0 487
 0 1123
 0 1141
 6
 0 404
 0 406
 0 443
 0 488
 0 490
 0 493
 4
 0 1051
 0 1066
 0 1118
 0 1133
 4
 0 17
 0 205
 0 271
 0 467
 4
 0 54
 0 57
 0 312
 0 315
 6
 0 109
 0 371
 0 1062
 0 1067
 0 1128
 0 1132
 4
 0 203
 0 457
 0 1048
 0 1115
 6
 0 144
 0 147
 0 402
 0 405
 0 1056
 0 1122
 2
 0 516
 0 519
 2
 0 517
 0 523
 4
 0 518
 0 520
 0 522
 0 525
 1
 0 521
 2
 0 524
 0 526
 1
 0 527
 3
 0 662
 0 664
 0 1190
 7
 0 528
 0 531
 0 535
 0 548
 0 550
 0 560
 0 562
 5
 0 529
 0 547
 0 589
 0 1148
 0 1209
 6
 0 534
 0 537
 0 563
 0 572
 0 574
 0 1159
 6
 0 542
 0 544
 0 583
 0 1143
 0 1146
 0 1211
 4
 0 590
 0 592
 0 1145
 0 1147
 3
 0 582
 0 585
 0 1144
 6
 0 545
 0 546
 0 549
 0 554
 0 556
 0 1210
 4
 0 540
 0 543
 0 553
 0 1249
 6
 0 541
 0 584
 0 586
 0 1162
 0 1248
 0 1251
 4
 0 551
 0 557
 0 559
 0 565
 4
 0 552
 0 555
 0 564
 0 567
 6
 0 558
 0 561
 0 566
 0 568
 0 571
 0 577
 3
 0 569
 0 576
 0 579
 7
 0 570
 0 573
 0 578
 0 580
 0 596
 0 598
 0 601
 3
 0 575
 0 599
 0 1158
 3
 0 581
 0 600
 0 603
 3
 0 587
 0 1010
 0 1161
 2
 0 1153
 0 1157
 2
 0 1150
 0 1155
 2
 0 605
 0 1201
 2
 0 1151
 0 1200
 7
 0 595
 0 602
 0 604
 0 1149
 0 1154
 0 1156
 0 1202
 3
 0 594
 0 597
 0 1152
 2
 0 1007
 0 1009
 6
 0 533
 0 536
 0 538
 0 608
 0 610
 0 617
 7
 0 530
 0 532
 0 588
 0 591
 0 611
 0 620
 0 622
 4
 0 539
 0 614
 0 616
 0 1160
 7
 0 606
 0 609
 0 619
 0 644
 0 646
 0 801
 0 804
 5
 0 607
 0 612
 0 615
 0 635
 0 806
 4
 0 613
 0 632
 0 634
 0 1169
 2
 0 593
 0 623
 4
 0 624
 0 627
 0 650
 0 652
 1
 0 629
 6
 0 626
 0 628
 0 637
 0 755
 0 757
 0 770
 6
 0 625
 0 631
 0 638
 0 640
 0 649
 0 1167
 3
 0 618
 0 621
 0 647
 3
 0 642
 0 645
 0 1246
 7
 0 630
 0 633
 0 641
 0 795
 0 798
 0 803
 0 805
 1
 0 653
 3
 0 648
 0 651
 0 1168
 6
 0 659
 0 674
 0 676
 0 686
 0 688
 0 1207
 6
 0 677
 0 719
 0 1172
 0 1174
 0 1203
 0 1206
 6
 0 654
 0 657
 0 685
 0 698
 0 700
 0 1187
 7
 0 660
 0 663
 0 668
 0 670
 0 713
 0 1175
 0 1205
 5
 0 661
 0 716
 0 718
 0 1188
 0 1204
 3
 0 665
 0 708
 0 711
 6
 0 667
 0 672
 0 675
 0 680
 0 682
 0 1173
 3
 0 666
 0 669
 0 683
 5
 0 671
 0 710
 0 712
 0 1258
 0 1261
 5
 0 673
 0 679
 0 689
 0 692
 0 694
 3
 0 678
 0 681
 0 695
 5
 0 684
 0 687
 0 691
 0 701
 0 707
 4
 0 690
 0 693
 0 702
 0 705
 7
 0 696
 0 699
 0 704
 0 706
 0 723
 0 726
 0 730
 3
 0 697
 0 728
 0 1185
 3
 0 703
 0 731
 0 733
 3
 0 709
 0 720
 0 1262
 2
 0 1181
 0 1183
 2
 0 1182
 0 1198
 2
 0 734
 0 1176
 2
 0 1177
 0 1197
 7
 0 724
 0 729
 0 732
 0 1178
 0 1180
 0 1184
 0 1199
 3
 0 725
 0 727
 0 1179
 4
 0 655
 0 743
 0 745
 0 1186
 7
 0 656
 0 658
 0 737
 0 739
 0 742
 0 1170
 0 1208
 6
 0 714
 0 717
 0 736
 0 749
 0 751
 0 1171
 7
 0 735
 0 738
 0 752
 0 771
 0 774
 0 785
 0 787
 5
 0 740
 0 741
 0 744
 0 760
 0 788
 4
 0 746
 0 761
 0 763
 0 1195
 3
 0 715
 0 748
 0 1189
 3
 0 747
 0 750
 0 776
 4
 0 753
 0 756
 0 779
 0 781
 1
 0 754
 6
 0 758
 0 764
 0 767
 0 769
 0 782
 0 1194
 3
 0 773
 0 775
 0 1192
 7
 0 759
 0 762
 0 766
 0 783
 0 786
 0 791
 0 793
 6
 0 636
 0 639
 0 765
 0 768
 0 794
 0 800
 2
 0 1164
 0 1240
 1
 0 778
 3
 0 777
 0 780
 0 1196
 5
 0 772
 0 784
 0 790
 0 1193
 0 1236
 8
 0 789
 0 792
 0 797
 0 799
 0 1165
 0 1237
 0 1239
 0 1242
 5
 0 643
 0 796
 0 802
 0 1243
 0 1245
 4
 0 807
 0 810
 0 819
 0 822
 2
 0 808
 0 824
 3
 0 809
 0 811
 0 818
 3
 0 812
 0 815
 0 817
 3
 0 813
 0 816
 0 830
 3
 0 814
 0 827
 0 829
 1
 0 820
 2
 0 821
 0 823
 1
 0 1212
 2
 0 826
 0 1213
 3
 0 825
 0 828
 0 1214
 4
 0 833
 0 835
 0 845
 0 847
 2
 0 832
 0 848
 3
 0 831
 0 834
 0 842
 3
 0 836
 0 837
 0 840
 3
 0 839
 0 841
 0 854
 3
 0 838
 0 849
 0 852
 1
 0 844
 2
 0 843
 0 846
 1
 0 1215
 2
 0 850
 0 1217
 3
 0 851
 0 853
 0 1216
 4
 0 855
 0 858
 0 867
 0 870
 2
 0 856
 0 872
 3
 0 857
 0 859
 0 866
 3
 0 860
 0 863
 0 865
 3
 0 861
 0 864
 0 878
 3
 0 862
 0 875
 0 877
 1
 0 868
 2
 0 869
 0 871
 1
 0 1218
 2
 0 874
 0 1219
 3
 0 873
 0 876
 0 1220
 4
 0 879
 0 882
 0 891
 0 894
 2
 0 884
 0 892
 3
 0 881
 0 883
 0 886
 3
 0 880
 0 887
 0 889
 3
 0 885
 0 888
 0 902
 3
 0 890
 0 897
 0 900
 1
 0 896
 2
 0 893
 0 895
 1
 0 1223
 2
 0 898
 0 1222
 3
 0 899
 0 901
 0 1221
 4
 0 903
 0 906
 0 915
 0 918
 2
 0 908
 0 916
 3
 0 905
 0 907
 0 910
 3
 0 904
 0 911
 0 913
 3
 0 909
 0 912
 0 926
 3
 0 914
 0 921
 0 924
 1
 0 920
 2
 0 917
 0 919
 1
 0 1226
 2
 0 922
 0 1225
 3
 0 923
 0 925
 0 1224
 4
 0 927
 0 930
 0 939
 0 942
 2
 0 932
 0 940
 3
 0 929
 0 931
 0 934
 3
 0 928
 0 935
 0 937
 3
 0 933
 0 936
 0 950
 3
 0 938
 0 945
 0 948
 1
 0 944
 2
 0 941
 0 943
 1
 0 1229
 2
 0 946
 0 1228
 3
 0 947
 0 949
 0 1227
 4
 0 951
 0 954
 0 963
 0 966
 2
 0 952
 0 968
 3
 0 953
 0 955
 0 962
 3
 0 956
 0 959
 0 961
 3
 0 957
 0 960
 0 974
 3
 0 958
 0 971
 0 973
 1
 0 964
 2
 0 965
 0 967
 1
 0 1230
 2
 0 970
 0 1231
 3
 0 969
 0 972
 0 1232
 4
 0 975
 0 978
 0 987
 0 990
 2
 0 976
 0 992
 3
 0 977
 0 979
 0 986
 3
 0 980
 0 983
 0 985
 3
 0 981
 0 984
 0 998
 3
 0 982
 0 995
 0 997
 1
 0 988
 2
 0 989
 0 991
 1
 0 1233
 2
 0 994
 0 1234
 3
 0 993
 0 996
 0 1235
 3
 0 1191
 0 1238
 0 1241
 3
 0 1166
 0 1244
 0 1247
 3
 0 1250
 0 1252
 0 1255
 3
 0 1001
 0 1003
 0 1006
 1
 0 1000
 3
 0 999
 0 1002
 0 1256
 6
 0 1004
 0 1005
 0 1008
 0 1163
 0 1253
 0 1254
 1
 0 1257
 1
 0 721
 3
 0 722
 0 1259
 0 1260
 1.000000 0.000000 0.000000 0.000000 0.000000 1.000000 0.000000 0.000000 0.000000 0.000000 1.000000 0.000000 0.000000 0.000000 0.000000 1.000000
 1.000000 1.000000 1.000000
 1