17
typeID 031.1749 101.76 610.076typeID 2-26.9462 101.76 610.076typeID 33.31195 303.886 -875.427typeID 3183.721 613.177 -875.427typeID 391.7392 348.629 -875.427typeID 3170.77 416.295 -875.427typeID 3217.487 516.172 -875.427typeID 37.59876 644.986 -875.427typeID 398.132 663.294 -875.427typeID 3-97.2987 663.294 -875.427typeID 3-179.515 612.679 -875.427typeID 3-206.733 518.607 -875.427typeID 3-179.009 424.755 -875.427typeID 3-93.1471 355.288 -875.427



typeID 3
-60 248 69
typeID 3
60 248 69
typeID 4
0 268 69
#