m_aniFrameList.size 34
aniFrame
  m_time -1.066000
  m_vertexTransformMat 1.000000 0.000001 -0.000000 0.000000 -0.000001 1.000000 0.000000 0.000000 0.000000 -0.000000 1.000000 0.000000 0.200000 -0.629500 -1.067963 1.000000
aniFrame
  m_time -0.966000
  m_vertexTransformMat 1.000000 0.000001 -0.000000 0.000000 -0.000001 1.000000 0.000000 0.000000 0.000000 -0.000000 1.000000 0.000000 -0.968125 -0.629500 -1.807083 1.000000
aniFrame
  m_time -0.866000
  m_vertexTransformMat 1.000000 0.000001 -0.000000 0.000000 -0.000001 1.000000 0.000000 0.000000 0.000000 -0.000000 1.000000 0.000000 -1.361481 -0.629500 -1.462769 1.000000
aniFrame
  m_time -0.766000
  m_vertexTransformMat 1.000000 0.000001 -0.000000 0.000000 -0.000001 1.000000 0.000000 0.000000 0.000000 -0.000000 1.000000 0.000000 -1.277315 -0.629500 -0.579214 1.000000
aniFrame
  m_time -0.666000
  m_vertexTransformMat 1.000000 0.000001 -0.000000 0.000000 -0.000001 1.000000 0.000000 0.000000 0.000000 -0.000000 1.000000 0.000000 -0.973333 -0.629500 -0.478920 1.000000
aniFrame
  m_time -0.566000
  m_vertexTransformMat 1.000000 0.000001 -0.000000 0.000000 -0.000001 1.000000 0.000000 0.000000 0.000000 -0.000000 1.000000 0.000000 -0.429167 -0.629500 -0.913425 1.000000
aniFrame
  m_time -0.466000
  m_vertexTransformMat 1.000000 0.000001 -0.000000 0.000000 -0.000001 1.000000 0.000000 0.000000 0.000000 -0.000000 1.000000 0.000000 0.556364 -0.629500 -1.562523 1.000000
aniFrame
  m_time -0.366000
  m_vertexTransformMat 1.000000 0.000001 -0.000000 0.000000 -0.000001 1.000000 0.000000 0.000000 0.000000 -0.000000 1.000000 0.000000 1.303711 -0.629500 -1.744804 1.000000
aniFrame
  m_time -0.266000
  m_vertexTransformMat 1.000000 0.000001 -0.000000 0.000000 -0.000001 1.000000 0.000000 0.000000 0.000000 -0.000000 1.000000 0.000000 1.375139 -0.629500 -1.018204 1.000000
aniFrame
  m_time -0.166000
  m_vertexTransformMat 1.000000 0.000001 -0.000000 0.000000 -0.000001 1.000000 0.000000 0.000000 0.000000 -0.000000 1.000000 0.000000 1.200000 -0.629500 -0.436626 1.000000
aniFrame
  m_time -0.066000
  m_vertexTransformMat 1.000000 0.000001 -0.000000 0.000000 -0.000001 1.000000 0.000000 0.000000 0.000000 -0.000000 1.000000 0.000000 0.704000 -0.629500 -0.700436 1.000000
aniFrame
  m_time 0.033000
  m_vertexTransformMat 1.000000 0.000001 -0.000000 0.000000 -0.000001 1.000000 0.000000 0.000000 0.000000 -0.000000 1.000000 0.000000 -0.142500 -0.629500 -1.292072 1.000000
aniFrame
  m_time 0.133000
  m_vertexTransformMat 1.000000 0.000001 -0.000000 0.000000 -0.000001 1.000000 0.000000 0.000000 0.000000 -0.000000 1.000000 0.000000 -1.200000 -0.629500 -1.858002 1.000000
aniFrame
  m_time 0.233000
  m_vertexTransformMat 1.000000 0.000001 -0.000000 0.000000 -0.000001 1.000000 0.000000 0.000000 0.000000 -0.000000 1.000000 0.000000 -1.367500 -0.629500 -1.149555 1.000000
aniFrame
  m_time 0.333000
  m_vertexTransformMat 1.000000 0.000001 -0.000000 0.000000 -0.000001 1.000000 0.000000 0.000000 0.000000 -0.000000 1.000000 0.000000 -1.200000 -0.629500 -0.436996 1.000000
aniFrame
  m_time 0.433000
  m_vertexTransformMat 1.000000 0.000001 -0.000000 0.000000 -0.000001 1.000000 0.000000 0.000000 0.000000 -0.000000 1.000000 0.000000 -0.817500 -0.629500 -0.596554 1.000000
aniFrame
  m_time 0.533000
  m_vertexTransformMat 1.000000 0.000001 -0.000000 0.000000 -0.000001 1.000000 0.000000 0.000000 0.000000 -0.000000 1.000000 0.000000 -0.200000 -0.629500 -1.067963 1.000000
aniFrame
  m_time 0.633000
  m_vertexTransformMat 1.000000 0.000001 -0.000000 0.000000 -0.000001 1.000000 0.000000 0.000000 0.000000 -0.000000 1.000000 0.000000 0.954659 -0.629500 -1.793163 1.000000
aniFrame
  m_time 0.733000
  m_vertexTransformMat 1.000000 0.000001 -0.000000 0.000000 -0.000001 1.000000 0.000000 0.000000 0.000000 -0.000000 1.000000 0.000000 1.363884 -0.629500 -1.544207 1.000000
aniFrame
  m_time 0.833000
  m_vertexTransformMat 1.000000 0.000001 -0.000000 0.000000 -0.000001 1.000000 0.000000 0.000000 0.000000 -0.000000 1.000000 0.000000 1.336982 -0.629500 -0.762064 1.000000
aniFrame
  m_time 0.933000
  m_vertexTransformMat 1.000000 0.000001 -0.000000 0.000000 -0.000001 1.000000 0.000000 0.000000 0.000000 -0.000000 1.000000 0.000000 1.085334 -0.629500 -0.434900 1.000000
aniFrame
  m_time 1.033000
  m_vertexTransformMat 1.000000 0.000001 -0.000000 0.000000 -0.000001 1.000000 0.000000 0.000000 0.000000 -0.000000 1.000000 0.000000 0.461333 -0.629500 -0.890697 1.000000
aniFrame
  m_time 1.133000
  m_vertexTransformMat 1.000000 0.000001 -0.000000 0.000000 -0.000001 1.000000 0.000000 0.000000 0.000000 -0.000000 1.000000 0.000000 -0.563333 -0.629500 -1.573494 1.000000
aniFrame
  m_time 1.233000
  m_vertexTransformMat 1.000000 0.000001 -0.000000 0.000000 -0.000001 1.000000 0.000000 0.000000 0.000000 -0.000000 1.000000 0.000000 -1.308796 -0.629500 -1.718067 1.000000
aniFrame
  m_time 1.333000
  m_vertexTransformMat 1.000000 0.000001 -0.000000 0.000000 -0.000001 1.000000 0.000000 0.000000 0.000000 -0.000000 1.000000 0.000000 -1.336296 -0.629500 -0.835884 1.000000
aniFrame
  m_time 1.433000
  m_vertexTransformMat 1.000000 0.000001 -0.000000 0.000000 -0.000001 1.000000 0.000000 0.000000 0.000000 -0.000000 1.000000 0.000000 -1.101388 -0.629500 -0.418282 1.000000
aniFrame
  m_time 1.533000
  m_vertexTransformMat 1.000000 0.000001 -0.000000 0.000000 -0.000001 1.000000 0.000000 0.000000 0.000000 -0.000000 1.000000 0.000000 -0.635555 -0.629500 -0.748840 1.000000
aniFrame
  m_time 1.633000
  m_vertexTransformMat 1.000000 0.000001 -0.000000 0.000000 -0.000001 1.000000 0.000000 0.000000 0.000000 -0.000000 1.000000 0.000000 0.129887 -0.629500 -1.282017 1.000000
aniFrame
  m_time 1.733000
  m_vertexTransformMat 1.000000 0.000001 -0.000000 0.000000 -0.000001 1.000000 0.000000 0.000000 0.000000 -0.000000 1.000000 0.000000 1.200000 -0.629500 -1.857626 1.000000
aniFrame
  m_time 1.833000
  m_vertexTransformMat 1.000000 0.000001 -0.000000 0.000000 -0.000001 1.000000 0.000000 0.000000 0.000000 -0.000000 1.000000 0.000000 1.385900 -0.629500 -1.290462 1.000000
aniFrame
  m_time 1.933000
  m_vertexTransformMat 1.000000 0.000001 -0.000000 0.000000 -0.000001 1.000000 0.000000 0.000000 0.000000 -0.000000 1.000000 0.000000 1.276809 -0.629500 -0.556660 1.000000
aniFrame
  m_time 2.033000
  m_vertexTransformMat 1.000000 0.000001 -0.000000 0.000000 -0.000001 1.000000 0.000000 0.000000 0.000000 -0.000000 1.000000 0.000000 0.884001 -0.629500 -0.550867 1.000000
aniFrame
  m_time 2.133000
  m_vertexTransformMat 1.000000 0.000001 -0.000000 0.000000 -0.000001 1.000000 0.000000 0.000000 0.000000 -0.000000 1.000000 0.000000 0.200000 -0.629500 -1.067963 1.000000
aniFrame
  m_time 2.133000
  m_vertexTransformMat 1.000000 0.000001 -0.000000 0.000000 -0.000001 1.000000 0.000000 0.000000 0.000000 -0.000000 1.000000 0.000000 0.200000 -0.629500 -1.067963 1.000000
