m_vlist.size 552
vertex
  pos 5.826709 -0.555318 -25.418839
  texCoord 0.413945 0.318926
  norm 0.988545 -0.110742 0.102548
  color 1.000000 1.000000 1.000000 1.000000
vertex
  pos 5.240018 2.144440 -25.822908
  texCoord 0.544959 0.339847
  norm 0.769067 0.619381 0.157808
  color 1.000000 1.000000 1.000000 1.000000
vertex
  pos 5.010841 1.950692 -24.175997
  texCoord 0.539524 0.256515
  norm 0.834634 0.541336 0.101698
  color 1.000000 1.000000 1.000000 1.000000
vertex
  pos 5.010841 1.950692 -24.175997
  texCoord 0.539524 0.256515
  norm 0.834634 0.541336 0.101698
  color 1.000000 1.000000 1.000000 1.000000
vertex
  pos 5.404995 -0.653713 -22.106468
  texCoord 0.413946 0.172206
  norm 0.956830 -0.174947 0.232100
  color 1.000000 1.000000 1.000000 1.000000
vertex
  pos 5.826709 -0.555318 -25.418839
  texCoord 0.413945 0.318926
  norm 0.988545 -0.110742 0.102548
  color 1.000000 1.000000 1.000000 1.000000
vertex
  pos 4.995992 -3.023990 -28.100157
  texCoord 0.287070 0.856473
  norm 0.624805 -0.775439 0.091175
  color 1.000000 1.000000 1.000000 1.000000
vertex
  pos 4.693574 -2.971776 -25.895981
  texCoord 0.295873 0.766552
  norm 0.579604 -0.808415 0.102587
  color 1.000000 1.000000 1.000000 1.000000
vertex
  pos 2.200097 -3.333346 -26.280500
  texCoord 0.184963 0.769132
  norm -0.354033 -0.935155 -0.012086
  color 1.000000 1.000000 1.000000 1.000000
vertex
  pos 2.200097 -3.333346 -26.280500
  texCoord 0.184963 0.769132
  norm -0.354033 -0.935155 -0.012086
  color 1.000000 1.000000 1.000000 1.000000
vertex
  pos 2.191924 -3.296486 -28.138124
  texCoord 0.176819 0.858711
  norm -0.447875 -0.892882 -0.046581
  color 1.000000 1.000000 1.000000 1.000000
vertex
  pos 4.995992 -3.023990 -28.100157
  texCoord 0.287070 0.856473
  norm 0.624805 -0.775439 0.091175
  color 1.000000 1.000000 1.000000 1.000000
vertex
  pos 4.693574 -2.971776 -25.895981
  texCoord 0.295873 0.766552
  norm 0.579604 -0.808415 0.102587
  color 1.000000 1.000000 1.000000 1.000000
vertex
  pos 4.995992 -3.023990 -28.100157
  texCoord 0.287070 0.856473
  norm 0.624805 -0.775439 0.091175
  color 1.000000 1.000000 1.000000 1.000000
vertex
  pos 6.040506 -0.354874 -28.017771
  texCoord 0.413945 0.861612
  norm 0.992203 -0.077439 0.097656
  color 1.000000 1.000000 1.000000 1.000000
vertex
  pos 6.040506 -0.354874 -28.017771
  texCoord 0.413945 0.861612
  norm 0.992203 -0.077439 0.097656
  color 1.000000 1.000000 1.000000 1.000000
vertex
  pos 5.826709 -0.555318 -25.418839
  texCoord 0.413945 0.752952
  norm 0.988545 -0.110742 0.102548
  color 1.000000 1.000000 1.000000 1.000000
vertex
  pos 4.693574 -2.971776 -25.895981
  texCoord 0.295873 0.766552
  norm 0.579604 -0.808415 0.102587
  color 1.000000 1.000000 1.000000 1.000000
vertex
  pos 3.306882 3.061764 -26.004295
  texCoord 0.651782 0.341628
  norm 0.035950 0.999232 -0.015561
  color 1.000000 1.000000 1.000000 1.000000
vertex
  pos 3.433230 3.141851 -24.987780
  texCoord 0.644477 0.282317
  norm 0.305322 0.915657 -0.261439
  color 1.000000 1.000000 1.000000 1.000000
vertex
  pos 5.010841 1.950692 -24.175997
  texCoord 0.539524 0.256515
  norm 0.834634 0.541336 0.101698
  color 1.000000 1.000000 1.000000 1.000000
vertex
  pos 5.010841 1.950692 -24.175997
  texCoord 0.539524 0.256515
  norm 0.834634 0.541336 0.101698
  color 1.000000 1.000000 1.000000 1.000000
vertex
  pos 5.240018 2.144440 -25.822908
  texCoord 0.544959 0.339847
  norm 0.769067 0.619381 0.157808
  color 1.000000 1.000000 1.000000 1.000000
vertex
  pos 3.306882 3.061764 -26.004295
  texCoord 0.651782 0.341628
  norm 0.035950 0.999232 -0.015561
  color 1.000000 1.000000 1.000000 1.000000
vertex
  pos 0.468483 -0.003266 -26.065481
  texCoord 0.870314 0.364930
  norm -0.969857 0.123680 -0.209952
  color 1.000000 1.000000 1.000000 1.000000
vertex
  pos 0.295148 -0.112039 -25.479162
  texCoord 0.878382 0.334624
  norm -0.767876 -0.026164 -0.640064
  color 1.000000 1.000000 1.000000 1.000000
vertex
  pos 1.772104 2.417984 -25.313419
  texCoord 0.742233 0.299573
  norm -0.473515 0.740249 -0.477299
  color 1.000000 1.000000 1.000000 1.000000
vertex
  pos 1.772104 2.417984 -25.313419
  texCoord 0.742233 0.299573
  norm -0.473515 0.740249 -0.477299
  color 1.000000 1.000000 1.000000 1.000000
vertex
  pos 1.892501 2.570692 -26.199110
  texCoord 0.727276 0.352688
  norm -0.640584 0.767787 -0.012453
  color 1.000000 1.000000 1.000000 1.000000
vertex
  pos 0.468483 -0.003266 -26.065481
  texCoord 0.870314 0.364930
  norm -0.969857 0.123680 -0.209952
  color 1.000000 1.000000 1.000000 1.000000
vertex
  pos 3.433230 3.141851 -24.987780
  texCoord 0.644477 0.282317
  norm 0.305322 0.915657 -0.261439
  color 1.000000 1.000000 1.000000 1.000000
vertex
  pos 1.772104 2.417984 -25.313419
  texCoord 0.742233 0.299573
  norm -0.473515 0.740249 -0.477299
  color 1.000000 1.000000 1.000000 1.000000
vertex
  pos 1.736206 3.966342 -23.881775
  texCoord 0.711950 0.211809
  norm 0.017773 0.943264 -0.331569
  color 1.000000 1.000000 1.000000 1.000000
vertex
  pos 1.736206 3.966342 -23.881775
  texCoord 0.711950 0.211809
  norm 0.017773 0.943264 -0.331569
  color 1.000000 1.000000 1.000000 1.000000
vertex
  pos 3.631001 3.280977 -23.789150
  texCoord 0.627166 0.225677
  norm 0.550965 0.833003 -0.050439
  color 1.000000 1.000000 1.000000 1.000000
vertex
  pos 3.433230 3.141851 -24.987780
  texCoord 0.644477 0.282317
  norm 0.305322 0.915657 -0.261439
  color 1.000000 1.000000 1.000000 1.000000
vertex
  pos 3.306882 3.061764 -26.004295
  texCoord 0.651782 0.341628
  norm 0.035950 0.999232 -0.015561
  color 1.000000 1.000000 1.000000 1.000000
vertex
  pos 5.240018 2.144440 -25.822908
  texCoord 0.544959 0.339847
  norm 0.769067 0.619381 0.157808
  color 1.000000 1.000000 1.000000 1.000000
vertex
  pos 5.431361 2.446391 -28.145916
  texCoord 0.549446 0.444671
  norm 0.708073 0.704644 0.045932
  color 1.000000 1.000000 1.000000 1.000000
vertex
  pos 5.431361 2.446391 -28.145916
  texCoord 0.549446 0.444671
  norm 0.708073 0.704644 0.045932
  color 1.000000 1.000000 1.000000 1.000000
vertex
  pos 2.306630 2.711543 -28.067713
  texCoord 0.690140 0.461145
  norm -0.458686 0.875337 -0.152944
  color 1.000000 1.000000 1.000000 1.000000
vertex
  pos 3.306882 3.061764 -26.004295
  texCoord 0.651782 0.341628
  norm 0.035950 0.999232 -0.015561
  color 1.000000 1.000000 1.000000 1.000000
vertex
  pos 1.045054 -1.680308 -26.352287
  texCoord 0.094371 0.765112
  norm -0.898006 -0.406918 -0.167341
  color 1.000000 1.000000 1.000000 1.000000
vertex
  pos 0.911682 -1.007958 -28.186705
  texCoord 0.062787 0.870093
  norm -0.983168 -0.182645 0.004539
  color 1.000000 1.000000 1.000000 1.000000
vertex
  pos 2.191924 -3.296486 -28.138124
  texCoord 0.176819 0.858711
  norm -0.447875 -0.892882 -0.046581
  color 1.000000 1.000000 1.000000 1.000000
vertex
  pos 2.191924 -3.296486 -28.138124
  texCoord 0.176819 0.858711
  norm -0.447875 -0.892882 -0.046581
  color 1.000000 1.000000 1.000000 1.000000
vertex
  pos 2.200097 -3.333346 -26.280500
  texCoord 0.184963 0.769132
  norm -0.354033 -0.935155 -0.012086
  color 1.000000 1.000000 1.000000 1.000000
vertex
  pos 1.045054 -1.680308 -26.352287
  texCoord 0.094371 0.765112
  norm -0.898006 -0.406918 -0.167341
  color 1.000000 1.000000 1.000000 1.000000
vertex
  pos 6.040506 -0.354874 -28.017771
  texCoord 0.413945 0.427585
  norm 0.992203 -0.077439 0.097656
  color 1.000000 1.000000 1.000000 1.000000
vertex
  pos 5.431361 2.446391 -28.145916
  texCoord 0.549446 0.444671
  norm 0.708073 0.704644 0.045932
  color 1.000000 1.000000 1.000000 1.000000
vertex
  pos 5.240018 2.144440 -25.822908
  texCoord 0.544959 0.339847
  norm 0.769067 0.619381 0.157808
  color 1.000000 1.000000 1.000000 1.000000
vertex
  pos 5.240018 2.144440 -25.822908
  texCoord 0.544959 0.339847
  norm 0.769067 0.619381 0.157808
  color 1.000000 1.000000 1.000000 1.000000
vertex
  pos 5.826709 -0.555318 -25.418839
  texCoord 0.413945 0.318926
  norm 0.988545 -0.110742 0.102548
  color 1.000000 1.000000 1.000000 1.000000
vertex
  pos 6.040506 -0.354874 -28.017771
  texCoord 0.413945 0.427585
  norm 0.992203 -0.077439 0.097656
  color 1.000000 1.000000 1.000000 1.000000
vertex
  pos 1.772104 2.417984 -25.313419
  texCoord 0.742233 0.299573
  norm -0.473515 0.740249 -0.477299
  color 1.000000 1.000000 1.000000 1.000000
vertex
  pos 3.433230 3.141851 -24.987780
  texCoord 0.644477 0.282317
  norm 0.305322 0.915657 -0.261439
  color 1.000000 1.000000 1.000000 1.000000
vertex
  pos 3.306882 3.061764 -26.004295
  texCoord 0.651782 0.341628
  norm 0.035950 0.999232 -0.015561
  color 1.000000 1.000000 1.000000 1.000000
vertex
  pos 3.306882 3.061764 -26.004295
  texCoord 0.651782 0.341628
  norm 0.035950 0.999232 -0.015561
  color 1.000000 1.000000 1.000000 1.000000
vertex
  pos 1.892501 2.570692 -26.199110
  texCoord 0.727276 0.352688
  norm -0.640584 0.767787 -0.012453
  color 1.000000 1.000000 1.000000 1.000000
vertex
  pos 1.772104 2.417984 -25.313419
  texCoord 0.742233 0.299573
  norm -0.473515 0.740249 -0.477299
  color 1.000000 1.000000 1.000000 1.000000
vertex
  pos 0.078951 3.765092 -23.834488
  texCoord 0.771982 0.193517
  norm 0.000000 0.901300 -0.433196
  color 1.000000 1.000000 1.000000 1.000000
vertex
  pos 0.078951 3.612383 -21.262035
  texCoord 0.771982 0.105469
  norm 0.000000 0.956558 0.291541
  color 1.000000 1.000000 1.000000 1.000000
vertex
  pos 1.647000 3.769968 -21.269753
  texCoord 0.702518 0.110880
  norm 0.062038 0.967945 0.243380
  color 1.000000 1.000000 1.000000 1.000000
vertex
  pos 1.647000 3.769968 -21.269753
  texCoord 0.702518 0.110880
  norm 0.062038 0.967945 0.243380
  color 1.000000 1.000000 1.000000 1.000000
vertex
  pos 1.736206 3.966342 -23.881775
  texCoord 0.711950 0.211809
  norm 0.017773 0.943264 -0.331569
  color 1.000000 1.000000 1.000000 1.000000
vertex
  pos 0.078951 3.765092 -23.834488
  texCoord 0.771982 0.193517
  norm 0.000000 0.901300 -0.433196
  color 1.000000 1.000000 1.000000 1.000000
vertex
  pos 0.936821 0.093727 -28.175756
  texCoord 0.012646 0.873504
  norm -0.988287 -0.051048 -0.143812
  color 1.000000 1.000000 1.000000 1.000000
vertex
  pos 0.911682 -1.007958 -28.186705
  texCoord 0.062787 0.870093
  norm -0.983168 -0.182645 0.004539
  color 1.000000 1.000000 1.000000 1.000000
vertex
  pos 1.045054 -1.680308 -26.352287
  texCoord 0.094371 0.765112
  norm -0.898006 -0.406918 -0.167341
  color 1.000000 1.000000 1.000000 1.000000
vertex
  pos 1.045054 -1.680308 -26.352287
  texCoord 0.094371 0.765112
  norm -0.898006 -0.406918 -0.167341
  color 1.000000 1.000000 1.000000 1.000000
vertex
  pos 0.468483 -0.003266 -26.065481
  texCoord 0.012646 0.748226
  norm -0.969857 0.123680 -0.209952
  color 1.000000 1.000000 1.000000 1.000000
vertex
  pos 0.936821 0.093727 -28.175756
  texCoord 0.012646 0.873504
  norm -0.988287 -0.051048 -0.143812
  color 1.000000 1.000000 1.000000 1.000000
vertex
  pos 1.011751 -2.497953 -24.670235
  texCoord 0.137109 0.672861
  norm -0.308123 -0.836216 -0.453656
  color 1.000000 1.000000 1.000000 1.000000
vertex
  pos 1.045054 -1.680308 -26.352287
  texCoord 0.094371 0.765112
  norm -0.898006 -0.406918 -0.167341
  color 1.000000 1.000000 1.000000 1.000000
vertex
  pos 2.200097 -3.333346 -26.280500
  texCoord 0.184963 0.769132
  norm -0.354033 -0.935155 -0.012086
  color 1.000000 1.000000 1.000000 1.000000
vertex
  pos 2.200097 -3.333346 -26.280500
  texCoord 0.184963 0.769132
  norm -0.354033 -0.935155 -0.012086
  color 1.000000 1.000000 1.000000 1.000000
vertex
  pos 2.199533 -3.107596 -24.051029
  texCoord 0.200299 0.661414
  norm -0.086261 -0.996012 -0.022801
  color 1.000000 1.000000 1.000000 1.000000
vertex
  pos 1.011751 -2.497953 -24.670235
  texCoord 0.137109 0.672861
  norm -0.308123 -0.836216 -0.453656
  color 1.000000 1.000000 1.000000 1.000000
vertex
  pos 0.078951 1.698313 -25.323847
  texCoord 0.826871 0.278913
  norm 0.000000 0.303704 -0.952766
  color 1.000000 1.000000 1.000000 1.000000
vertex
  pos 0.078951 3.765092 -23.834488
  texCoord 0.771982 0.193517
  norm 0.000000 0.901300 -0.433196
  color 1.000000 1.000000 1.000000 1.000000
vertex
  pos 1.736206 3.966342 -23.881775
  texCoord 0.711950 0.211809
  norm 0.017773 0.943264 -0.331569
  color 1.000000 1.000000 1.000000 1.000000
vertex
  pos 1.736206 3.966342 -23.881775
  texCoord 0.711950 0.211809
  norm 0.017773 0.943264 -0.331569
  color 1.000000 1.000000 1.000000 1.000000
vertex
  pos 1.772104 2.417984 -25.313419
  texCoord 0.742233 0.299573
  norm -0.473515 0.740249 -0.477299
  color 1.000000 1.000000 1.000000 1.000000
vertex
  pos 0.078951 1.698313 -25.323847
  texCoord 0.826871 0.278913
  norm 0.000000 0.303704 -0.952766
  color 1.000000 1.000000 1.000000 1.000000
vertex
  pos 4.693574 -2.971776 -25.895981
  texCoord 0.295873 0.766552
  norm 0.579604 -0.808415 0.102587
  color 1.000000 1.000000 1.000000 1.000000
vertex
  pos 5.826709 -0.555318 -25.418839
  texCoord 0.413945 0.752952
  norm 0.988545 -0.110742 0.102548
  color 1.000000 1.000000 1.000000 1.000000
vertex
  pos 5.404995 -0.653713 -22.106468
  texCoord 0.413946 0.606233
  norm 0.956830 -0.174947 0.232100
  color 1.000000 1.000000 1.000000 1.000000
vertex
  pos 5.404995 -0.653713 -22.106468
  texCoord 0.413946 0.606233
  norm 0.956830 -0.174947 0.232100
  color 1.000000 1.000000 1.000000 1.000000
vertex
  pos 4.262507 -2.712392 -22.975571
  texCoord 0.304662 0.630700
  norm 0.556830 -0.818632 0.140648
  color 1.000000 1.000000 1.000000 1.000000
vertex
  pos 4.693574 -2.971776 -25.895981
  texCoord 0.295873 0.766552
  norm 0.579604 -0.808415 0.102587
  color 1.000000 1.000000 1.000000 1.000000
vertex
  pos 2.199533 -3.107596 -24.051029
  texCoord 0.200299 0.661414
  norm -0.086261 -0.996012 -0.022801
  color 1.000000 1.000000 1.000000 1.000000
vertex
  pos 2.200097 -3.333346 -26.280500
  texCoord 0.184963 0.769132
  norm -0.354033 -0.935155 -0.012086
  color 1.000000 1.000000 1.000000 1.000000
vertex
  pos 4.693574 -2.971776 -25.895981
  texCoord 0.295873 0.766552
  norm 0.579604 -0.808415 0.102587
  color 1.000000 1.000000 1.000000 1.000000
vertex
  pos 4.693574 -2.971776 -25.895981
  texCoord 0.295873 0.766552
  norm 0.579604 -0.808415 0.102587
  color 1.000000 1.000000 1.000000 1.000000
vertex
  pos 4.262507 -2.712392 -22.975571
  texCoord 0.304662 0.630700
  norm 0.556830 -0.818632 0.140648
  color 1.000000 1.000000 1.000000 1.000000
vertex
  pos 2.199533 -3.107596 -24.051029
  texCoord 0.200299 0.661414
  norm -0.086261 -0.996012 -0.022801
  color 1.000000 1.000000 1.000000 1.000000
vertex
  pos 3.940971 1.145958 -19.299511
  texCoord 0.508408 0.017351
  norm 0.774805 0.415611 0.476388
  color 1.000000 1.000000 1.000000 1.000000
vertex
  pos 4.798687 1.545385 -21.217522
  texCoord 0.519387 0.123863
  norm 0.873716 0.402357 0.273366
  color 1.000000 1.000000 1.000000 1.000000
vertex
  pos 3.397583 3.364599 -21.254623
  texCoord 0.623916 0.118634
  norm 0.521728 0.809592 0.268998
  color 1.000000 1.000000 1.000000 1.000000
vertex
  pos 3.397583 3.364599 -21.254623
  texCoord 0.623916 0.118634
  norm 0.521728 0.809592 0.268998
  color 1.000000 1.000000 1.000000 1.000000
vertex
  pos 2.745375 2.299440 -19.379387
  texCoord 0.610219 0.017351
  norm 0.458895 0.694535 0.554109
  color 1.000000 1.000000 1.000000 1.000000
vertex
  pos 3.940971 1.145958 -19.299511
  texCoord 0.508408 0.017351
  norm 0.774805 0.415611 0.476388
  color 1.000000 1.000000 1.000000 1.000000
vertex
  pos 3.397583 3.364599 -21.254623
  texCoord 0.623916 0.118634
  norm 0.521728 0.809592 0.268998
  color 1.000000 1.000000 1.000000 1.000000
vertex
  pos 3.631001 3.280977 -23.789150
  texCoord 0.627166 0.225677
  norm 0.550965 0.833003 -0.050439
  color 1.000000 1.000000 1.000000 1.000000
vertex
  pos 1.736206 3.966342 -23.881775
  texCoord 0.711950 0.211809
  norm 0.017773 0.943264 -0.331569
  color 1.000000 1.000000 1.000000 1.000000
vertex
  pos 1.736206 3.966342 -23.881775
  texCoord 0.711950 0.211809
  norm 0.017773 0.943264 -0.331569
  color 1.000000 1.000000 1.000000 1.000000
vertex
  pos 1.647000 3.769968 -21.269753
  texCoord 0.702518 0.110880
  norm 0.062038 0.967945 0.243380
  color 1.000000 1.000000 1.000000 1.000000
vertex
  pos 3.397583 3.364599 -21.254623
  texCoord 0.623916 0.118634
  norm 0.521728 0.809592 0.268998
  color 1.000000 1.000000 1.000000 1.000000
vertex
  pos 1.958427 -3.176639 -22.205627
  texCoord 0.204544 0.594669
  norm 0.202162 -0.977744 0.056091
  color 1.000000 1.000000 1.000000 1.000000
vertex
  pos 2.199533 -3.107596 -24.051029
  texCoord 0.200299 0.661414
  norm -0.086261 -0.996012 -0.022801
  color 1.000000 1.000000 1.000000 1.000000
vertex
  pos 4.262507 -2.712392 -22.975571
  texCoord 0.304662 0.630700
  norm 0.556830 -0.818632 0.140648
  color 1.000000 1.000000 1.000000 1.000000
vertex
  pos 4.262507 -2.712392 -22.975571
  texCoord 0.304662 0.630700
  norm 0.556830 -0.818632 0.140648
  color 1.000000 1.000000 1.000000 1.000000
vertex
  pos 4.067185 -2.685049 -22.145638
  texCoord 0.304204 0.590875
  norm 0.552042 -0.799176 0.237836
  color 1.000000 1.000000 1.000000 1.000000
vertex
  pos 1.958427 -3.176639 -22.205627
  texCoord 0.204544 0.594669
  norm 0.202162 -0.977744 0.056091
  color 1.000000 1.000000 1.000000 1.000000
vertex
  pos 4.373733 -0.493981 -19.377056
  texCoord 0.413945 0.451378
  norm 0.881172 -0.211529 0.422837
  color 1.000000 1.000000 1.000000 1.000000
vertex
  pos 3.131910 -1.947829 -19.706806
  texCoord 0.310964 0.471650
  norm 0.553109 -0.714675 0.428148
  color 1.000000 1.000000 1.000000 1.000000
vertex
  pos 4.067185 -2.685049 -22.145638
  texCoord 0.304204 0.590875
  norm 0.552042 -0.799176 0.237836
  color 1.000000 1.000000 1.000000 1.000000
vertex
  pos 4.067185 -2.685049 -22.145638
  texCoord 0.304204 0.590875
  norm 0.552042 -0.799176 0.237836
  color 1.000000 1.000000 1.000000 1.000000
vertex
  pos 5.404995 -0.653713 -22.106468
  texCoord 0.413946 0.606233
  norm 0.956830 -0.174947 0.232100
  color 1.000000 1.000000 1.000000 1.000000
vertex
  pos 4.373733 -0.493981 -19.377056
  texCoord 0.413945 0.451378
  norm 0.881172 -0.211529 0.422837
  color 1.000000 1.000000 1.000000 1.000000
vertex
  pos 0.078951 3.612383 -21.262035
  texCoord 0.771982 0.105469
  norm 0.000000 0.956558 0.291541
  color 1.000000 1.000000 1.000000 1.000000
vertex
  pos 0.078951 2.377995 -19.805016
  texCoord 0.771982 0.017351
  norm 0.000000 0.762992 0.646407
  color 1.000000 1.000000 1.000000 1.000000
vertex
  pos 1.407249 2.982620 -19.515926
  texCoord 0.699715 0.017351
  norm -0.004236 0.848213 0.529639
  color 1.000000 1.000000 1.000000 1.000000
vertex
  pos 1.407249 2.982620 -19.515926
  texCoord 0.699715 0.017351
  norm -0.004236 0.848213 0.529639
  color 1.000000 1.000000 1.000000 1.000000
vertex
  pos 1.647000 3.769968 -21.269753
  texCoord 0.702518 0.110880
  norm 0.062038 0.967945 0.243380
  color 1.000000 1.000000 1.000000 1.000000
vertex
  pos 0.078951 3.612383 -21.262035
  texCoord 0.771982 0.105469
  norm 0.000000 0.956558 0.291541
  color 1.000000 1.000000 1.000000 1.000000
vertex
  pos 1.664052 -2.993703 -20.091473
  texCoord 0.211451 0.489490
  norm 0.277140 -0.934654 0.222743
  color 1.000000 1.000000 1.000000 1.000000
vertex
  pos 4.067185 -2.685049 -22.145638
  texCoord 0.304204 0.590875
  norm 0.552042 -0.799176 0.237836
  color 1.000000 1.000000 1.000000 1.000000
vertex
  pos 3.131910 -1.947829 -19.706806
  texCoord 0.310964 0.471650
  norm 0.553109 -0.714675 0.428148
  color 1.000000 1.000000 1.000000 1.000000
vertex
  pos 4.798687 1.545385 -21.217522
  texCoord 0.519387 0.123863
  norm 0.873716 0.402357 0.273366
  color 1.000000 1.000000 1.000000 1.000000
vertex
  pos 3.940971 1.145958 -19.299511
  texCoord 0.508408 0.017351
  norm 0.774805 0.415611 0.476388
  color 1.000000 1.000000 1.000000 1.000000
vertex
  pos 4.373733 -0.493981 -19.377056
  texCoord 0.413945 0.021999
  norm 0.881172 -0.211529 0.422837
  color 1.000000 1.000000 1.000000 1.000000
vertex
  pos 4.373733 -0.493981 -19.377056
  texCoord 0.413945 0.021999
  norm 0.881172 -0.211529 0.422837
  color 1.000000 1.000000 1.000000 1.000000
vertex
  pos 5.404995 -0.653713 -22.106468
  texCoord 0.413946 0.172206
  norm 0.956830 -0.174947 0.232100
  color 1.000000 1.000000 1.000000 1.000000
vertex
  pos 4.798687 1.545385 -21.217522
  texCoord 0.519387 0.123863
  norm 0.873716 0.402357 0.273366
  color 1.000000 1.000000 1.000000 1.000000
vertex
  pos 1.407249 2.982620 -19.515926
  texCoord 0.699715 0.017351
  norm -0.004236 0.848213 0.529639
  color 1.000000 1.000000 1.000000 1.000000
vertex
  pos 2.745375 2.299440 -19.379387
  texCoord 0.610219 0.017351
  norm 0.458895 0.694535 0.554109
  color 1.000000 1.000000 1.000000 1.000000
vertex
  pos 3.397583 3.364599 -21.254623
  texCoord 0.623916 0.118634
  norm 0.521728 0.809592 0.268998
  color 1.000000 1.000000 1.000000 1.000000
vertex
  pos 3.397583 3.364599 -21.254623
  texCoord 0.623916 0.118634
  norm 0.521728 0.809592 0.268998
  color 1.000000 1.000000 1.000000 1.000000
vertex
  pos 1.647000 3.769968 -21.269753
  texCoord 0.702518 0.110880
  norm 0.062038 0.967945 0.243380
  color 1.000000 1.000000 1.000000 1.000000
vertex
  pos 1.407249 2.982620 -19.515926
  texCoord 0.699715 0.017351
  norm -0.004236 0.848213 0.529639
  color 1.000000 1.000000 1.000000 1.000000
vertex
  pos 1.664052 -2.993703 -20.091473
  texCoord 0.211451 0.489490
  norm 0.277140 -0.934654 0.222743
  color 1.000000 1.000000 1.000000 1.000000
vertex
  pos 0.078951 -3.243917 -20.263693
  texCoord 0.116243 0.501653
  norm 0.000000 -0.979799 0.199982
  color 1.000000 1.000000 1.000000 1.000000
vertex
  pos 0.078951 -3.494731 -21.492542
  texCoord 0.116243 0.553398
  norm -0.000000 -0.997697 0.067827
  color 1.000000 1.000000 1.000000 1.000000
vertex
  pos 0.078951 -3.494731 -21.492542
  texCoord 0.116243 0.553398
  norm -0.000000 -0.997697 0.067827
  color 1.000000 1.000000 1.000000 1.000000
vertex
  pos 1.249251 -3.316252 -22.226528
  texCoord 0.170206 0.592057
  norm 0.116889 -0.990556 -0.071657
  color 1.000000 1.000000 1.000000 1.000000
vertex
  pos 1.664052 -2.993703 -20.091473
  texCoord 0.211451 0.489490
  norm 0.277140 -0.934654 0.222743
  color 1.000000 1.000000 1.000000 1.000000
vertex
  pos 0.946599 0.522218 -28.171501
  texCoord 0.812275 0.488093
  norm -0.938381 0.308683 -0.155420
  color 1.000000 1.000000 1.000000 1.000000
vertex
  pos 0.468483 -0.003266 -26.065481
  texCoord 0.870314 0.364930
  norm -0.969857 0.123680 -0.209952
  color 1.000000 1.000000 1.000000 1.000000
vertex
  pos 1.892501 2.570692 -26.199110
  texCoord 0.727276 0.352688
  norm -0.640584 0.767787 -0.012453
  color 1.000000 1.000000 1.000000 1.000000
vertex
  pos 1.892501 2.570692 -26.199110
  texCoord 0.727276 0.352688
  norm -0.640584 0.767787 -0.012453
  color 1.000000 1.000000 1.000000 1.000000
vertex
  pos 2.306630 2.711543 -28.067713
  texCoord 0.690140 0.461145
  norm -0.458686 0.875337 -0.152944
  color 1.000000 1.000000 1.000000 1.000000
vertex
  pos 0.946599 0.522218 -28.171501
  texCoord 0.812275 0.488093
  norm -0.938381 0.308683 -0.155420
  color 1.000000 1.000000 1.000000 1.000000
vertex
  pos 0.295148 -0.112039 -25.479162
  texCoord 0.012646 0.714474
  norm -0.767876 -0.026164 -0.640064
  color 1.000000 1.000000 1.000000 1.000000
vertex
  pos 0.468483 -0.003266 -26.065481
  texCoord 0.012646 0.748226
  norm -0.969857 0.123680 -0.209952
  color 1.000000 1.000000 1.000000 1.000000
vertex
  pos 1.045054 -1.680308 -26.352287
  texCoord 0.094371 0.765112
  norm -0.898006 -0.406918 -0.167341
  color 1.000000 1.000000 1.000000 1.000000
vertex
  pos 1.045054 -1.680308 -26.352287
  texCoord 0.094371 0.765112
  norm -0.898006 -0.406918 -0.167341
  color 1.000000 1.000000 1.000000 1.000000
vertex
  pos 1.011751 -2.497953 -24.670235
  texCoord 0.137109 0.672861
  norm -0.308123 -0.836216 -0.453656
  color 1.000000 1.000000 1.000000 1.000000
vertex
  pos 0.295148 -0.112039 -25.479162
  texCoord 0.012646 0.714474
  norm -0.767876 -0.026164 -0.640064
  color 1.000000 1.000000 1.000000 1.000000
vertex
  pos 0.078951 -2.625679 -24.813650
  texCoord 0.094753 0.656839
  norm 0.000000 -0.568160 -0.822918
  color 1.000000 1.000000 1.000000 1.000000
vertex
  pos 0.078951 -0.112901 -25.302843
  texCoord 0.012646 0.669825
  norm 0.000000 -0.105829 -0.994384
  color 1.000000 1.000000 1.000000 1.000000
vertex
  pos 0.295148 -0.112039 -25.479162
  texCoord 0.012646 0.714474
  norm -0.767876 -0.026164 -0.640064
  color 1.000000 1.000000 1.000000 1.000000
vertex
  pos 0.295148 -0.112039 -25.479162
  texCoord 0.012646 0.714474
  norm -0.767876 -0.026164 -0.640064
  color 1.000000 1.000000 1.000000 1.000000
vertex
  pos 1.011751 -2.497953 -24.670235
  texCoord 0.137109 0.672861
  norm -0.308123 -0.836216 -0.453656
  color 1.000000 1.000000 1.000000 1.000000
vertex
  pos 0.078951 -2.625679 -24.813650
  texCoord 0.094753 0.656839
  norm 0.000000 -0.568160 -0.822918
  color 1.000000 1.000000 1.000000 1.000000
vertex
  pos 0.078951 -3.428098 -22.222145
  texCoord 0.116243 0.586918
  norm -0.000000 -0.982179 -0.187950
  color 1.000000 1.000000 1.000000 1.000000
vertex
  pos 0.078951 -3.145993 -24.117317
  texCoord 0.104155 0.639406
  norm -0.000000 -0.954576 -0.297968
  color 1.000000 1.000000 1.000000 1.000000
vertex
  pos 1.011751 -2.497953 -24.670235
  texCoord 0.137109 0.672861
  norm -0.308123 -0.836216 -0.453656
  color 1.000000 1.000000 1.000000 1.000000
vertex
  pos 0.078951 1.698313 -25.323847
  texCoord 0.826871 0.278913
  norm 0.000000 0.303704 -0.952766
  color 1.000000 1.000000 1.000000 1.000000
vertex
  pos 0.295148 -0.112039 -25.479162
  texCoord 0.878382 0.334624
  norm -0.767876 -0.026164 -0.640064
  color 1.000000 1.000000 1.000000 1.000000
vertex
  pos 0.078951 -0.112901 -25.302843
  texCoord 0.883640 0.320484
  norm 0.000000 -0.105829 -0.994384
  color 1.000000 1.000000 1.000000 1.000000
vertex
  pos 1.772104 2.417984 -25.313419
  texCoord 0.742233 0.299573
  norm -0.473515 0.740249 -0.477299
  color 1.000000 1.000000 1.000000 1.000000
vertex
  pos 0.295148 -0.112039 -25.479162
  texCoord 0.878382 0.334624
  norm -0.767876 -0.026164 -0.640064
  color 1.000000 1.000000 1.000000 1.000000
vertex
  pos 0.078951 1.698313 -25.323847
  texCoord 0.826871 0.278913
  norm 0.000000 0.303704 -0.952766
  color 1.000000 1.000000 1.000000 1.000000
vertex
  pos 3.306882 3.061764 -26.004295
  texCoord 0.651782 0.341628
  norm 0.035950 0.999232 -0.015561
  color 1.000000 1.000000 1.000000 1.000000
vertex
  pos 2.306630 2.711543 -28.067713
  texCoord 0.690140 0.461145
  norm -0.458686 0.875337 -0.152944
  color 1.000000 1.000000 1.000000 1.000000
vertex
  pos 1.892501 2.570692 -26.199110
  texCoord 0.727276 0.352688
  norm -0.640584 0.767787 -0.012453
  color 1.000000 1.000000 1.000000 1.000000
vertex
  pos 4.798687 1.545385 -21.217522
  texCoord 0.519387 0.123863
  norm 0.873716 0.402357 0.273366
  color 1.000000 1.000000 1.000000 1.000000
vertex
  pos 5.404995 -0.653713 -22.106468
  texCoord 0.413946 0.172206
  norm 0.956830 -0.174947 0.232100
  color 1.000000 1.000000 1.000000 1.000000
vertex
  pos 5.010841 1.950692 -24.175997
  texCoord 0.539524 0.256515
  norm 0.834634 0.541336 0.101698
  color 1.000000 1.000000 1.000000 1.000000
vertex
  pos 3.631001 3.280977 -23.789150
  texCoord 0.627166 0.225677
  norm 0.550965 0.833003 -0.050439
  color 1.000000 1.000000 1.000000 1.000000
vertex
  pos 4.798687 1.545385 -21.217522
  texCoord 0.519387 0.123863
  norm 0.873716 0.402357 0.273366
  color 1.000000 1.000000 1.000000 1.000000
vertex
  pos 5.010841 1.950692 -24.175997
  texCoord 0.539524 0.256515
  norm 0.834634 0.541336 0.101698
  color 1.000000 1.000000 1.000000 1.000000
vertex
  pos 4.798687 1.545385 -21.217522
  texCoord 0.519387 0.123863
  norm 0.873716 0.402357 0.273366
  color 1.000000 1.000000 1.000000 1.000000
vertex
  pos 3.631001 3.280977 -23.789150
  texCoord 0.627166 0.225677
  norm 0.550965 0.833003 -0.050439
  color 1.000000 1.000000 1.000000 1.000000
vertex
  pos 3.397583 3.364599 -21.254623
  texCoord 0.623916 0.118634
  norm 0.521728 0.809592 0.268998
  color 1.000000 1.000000 1.000000 1.000000
vertex
  pos 3.631001 3.280977 -23.789150
  texCoord 0.627166 0.225677
  norm 0.550965 0.833003 -0.050439
  color 1.000000 1.000000 1.000000 1.000000
vertex
  pos 5.010841 1.950692 -24.175997
  texCoord 0.539524 0.256515
  norm 0.834634 0.541336 0.101698
  color 1.000000 1.000000 1.000000 1.000000
vertex
  pos 3.433230 3.141851 -24.987780
  texCoord 0.644477 0.282317
  norm 0.305322 0.915657 -0.261439
  color 1.000000 1.000000 1.000000 1.000000
vertex
  pos 2.199533 -3.107596 -24.051029
  texCoord 0.200299 0.661414
  norm -0.086261 -0.996012 -0.022801
  color 1.000000 1.000000 1.000000 1.000000
vertex
  pos 1.249251 -3.316252 -22.226528
  texCoord 0.170206 0.592057
  norm 0.116889 -0.990556 -0.071657
  color 1.000000 1.000000 1.000000 1.000000
vertex
  pos 1.011751 -2.497953 -24.670235
  texCoord 0.137109 0.672861
  norm -0.308123 -0.836216 -0.453656
  color 1.000000 1.000000 1.000000 1.000000
vertex
  pos 1.011751 -2.497953 -24.670235
  texCoord 0.137109 0.672861
  norm -0.308123 -0.836216 -0.453656
  color 1.000000 1.000000 1.000000 1.000000
vertex
  pos 0.078951 -3.145993 -24.117317
  texCoord 0.104155 0.639406
  norm -0.000000 -0.954576 -0.297968
  color 1.000000 1.000000 1.000000 1.000000
vertex
  pos 0.078951 -2.625679 -24.813650
  texCoord 0.094753 0.656839
  norm 0.000000 -0.568160 -0.822918
  color 1.000000 1.000000 1.000000 1.000000
vertex
  pos 5.404995 -0.653713 -22.106468
  texCoord 0.413946 0.606233
  norm 0.956830 -0.174947 0.232100
  color 1.000000 1.000000 1.000000 1.000000
vertex
  pos 4.067185 -2.685049 -22.145638
  texCoord 0.304204 0.590875
  norm 0.552042 -0.799176 0.237836
  color 1.000000 1.000000 1.000000 1.000000
vertex
  pos 4.262507 -2.712392 -22.975571
  texCoord 0.304662 0.630700
  norm 0.556830 -0.818632 0.140648
  color 1.000000 1.000000 1.000000 1.000000
vertex
  pos 1.958427 -3.176639 -22.205627
  texCoord 0.204544 0.594669
  norm 0.202162 -0.977744 0.056091
  color 1.000000 1.000000 1.000000 1.000000
vertex
  pos 1.249251 -3.316252 -22.226528
  texCoord 0.170206 0.592057
  norm 0.116889 -0.990556 -0.071657
  color 1.000000 1.000000 1.000000 1.000000
vertex
  pos 2.199533 -3.107596 -24.051029
  texCoord 0.200299 0.661414
  norm -0.086261 -0.996012 -0.022801
  color 1.000000 1.000000 1.000000 1.000000
vertex
  pos 1.664052 -2.993703 -20.091473
  texCoord 0.211451 0.489490
  norm 0.277140 -0.934654 0.222743
  color 1.000000 1.000000 1.000000 1.000000
vertex
  pos 1.249251 -3.316252 -22.226528
  texCoord 0.170206 0.592057
  norm 0.116889 -0.990556 -0.071657
  color 1.000000 1.000000 1.000000 1.000000
vertex
  pos 1.958427 -3.176639 -22.205627
  texCoord 0.204544 0.594669
  norm 0.202162 -0.977744 0.056091
  color 1.000000 1.000000 1.000000 1.000000
vertex
  pos 0.078951 -3.494731 -21.492542
  texCoord 0.116243 0.553398
  norm -0.000000 -0.997697 0.067827
  color 1.000000 1.000000 1.000000 1.000000
vertex
  pos 0.078951 -3.428098 -22.222145
  texCoord 0.116243 0.586918
  norm -0.000000 -0.982179 -0.187950
  color 1.000000 1.000000 1.000000 1.000000
vertex
  pos 1.249251 -3.316252 -22.226528
  texCoord 0.170206 0.592057
  norm 0.116889 -0.990556 -0.071657
  color 1.000000 1.000000 1.000000 1.000000
vertex
  pos 0.946599 0.522218 -28.171501
  texCoord 0.812275 0.488093
  norm -0.938381 0.308683 -0.155420
  color 1.000000 1.000000 1.000000 1.000000
vertex
  pos 0.936821 0.093727 -28.175756
  texCoord 0.833067 0.492353
  norm -0.988287 -0.051048 -0.143812
  color 1.000000 1.000000 1.000000 1.000000
vertex
  pos 0.468483 -0.003266 -26.065481
  texCoord 0.870314 0.364930
  norm -0.969857 0.123680 -0.209952
  color 1.000000 1.000000 1.000000 1.000000
vertex
  pos 0.078951 -3.428098 -22.222145
  texCoord 0.116243 0.586918
  norm -0.000000 -0.982179 -0.187950
  color 1.000000 1.000000 1.000000 1.000000
vertex
  pos 1.011751 -2.497953 -24.670235
  texCoord 0.137109 0.672861
  norm -0.308123 -0.836216 -0.453656
  color 1.000000 1.000000 1.000000 1.000000
vertex
  pos 1.249251 -3.316252 -22.226528
  texCoord 0.170206 0.592057
  norm 0.116889 -0.990556 -0.071657
  color 1.000000 1.000000 1.000000 1.000000
vertex
  pos 1.958427 -3.176639 -22.205627
  texCoord 0.204544 0.594669
  norm 0.202162 -0.977744 0.056091
  color 1.000000 1.000000 1.000000 1.000000
vertex
  pos 4.067185 -2.685049 -22.145638
  texCoord 0.304204 0.590875
  norm 0.552042 -0.799176 0.237836
  color 1.000000 1.000000 1.000000 1.000000
vertex
  pos 1.664052 -2.993703 -20.091473
  texCoord 0.211451 0.489490
  norm 0.277140 -0.934654 0.222743
  color 1.000000 1.000000 1.000000 1.000000
vertex
  pos 2.179526 -3.418956 -22.394093
  texCoord 0.854344 0.724146
  norm 0.030860 -0.990942 0.130695
  color 1.000000 1.000000 1.000000 1.000000
vertex
  pos 3.391549 -3.459907 -22.756950
  texCoord 0.854344 0.655949
  norm 0.109108 -0.983662 0.143193
  color 1.000000 1.000000 1.000000 1.000000
vertex
  pos 3.764289 -3.279629 -21.802544
  texCoord 0.789744 0.655949
  norm 0.128183 -0.982998 0.131467
  color 1.000000 1.000000 1.000000 1.000000
vertex
  pos 3.764289 -3.279629 -21.802544
  texCoord 0.789744 0.655949
  norm 0.128183 -0.982998 0.131467
  color 1.000000 1.000000 1.000000 1.000000
vertex
  pos 2.535236 -3.285347 -21.371212
  texCoord 0.789744 0.724146
  norm 0.042309 -0.993192 0.108530
  color 1.000000 1.000000 1.000000 1.000000
vertex
  pos 2.179526 -3.418956 -22.394093
  texCoord 0.854344 0.724146
  norm 0.030860 -0.990942 0.130695
  color 1.000000 1.000000 1.000000 1.000000
vertex
  pos 4.660613 -3.245245 -23.232544
  texCoord 0.854344 0.580472
  norm 0.224462 -0.967381 0.117433
  color 1.000000 1.000000 1.000000 1.000000
vertex
  pos 5.019986 -3.027667 -22.257504
  texCoord 0.789744 0.580472
  norm 0.239078 -0.962698 0.126707
  color 1.000000 1.000000 1.000000 1.000000
vertex
  pos 3.764289 -3.279629 -21.802544
  texCoord 0.789744 0.655949
  norm 0.128183 -0.982998 0.131467
  color 1.000000 1.000000 1.000000 1.000000
vertex
  pos 3.764289 -3.279629 -21.802544
  texCoord 0.789744 0.655949
  norm 0.128183 -0.982998 0.131467
  color 1.000000 1.000000 1.000000 1.000000
vertex
  pos 3.391549 -3.459907 -22.756950
  texCoord 0.854344 0.655949
  norm 0.109108 -0.983662 0.143193
  color 1.000000 1.000000 1.000000 1.000000
vertex
  pos 4.660613 -3.245245 -23.232544
  texCoord 0.854344 0.580472
  norm 0.224462 -0.967381 0.117433
  color 1.000000 1.000000 1.000000 1.000000
vertex
  pos 1.479499 -3.408753 -22.148319
  texCoord 0.854344 0.769068
  norm 0.035795 -0.993384 0.109123
  color 1.000000 1.000000 1.000000 1.000000
vertex
  pos 2.179526 -3.418956 -22.394093
  texCoord 0.854344 0.724146
  norm 0.030860 -0.990942 0.130695
  color 1.000000 1.000000 1.000000 1.000000
vertex
  pos 2.535236 -3.285347 -21.371212
  texCoord 0.789744 0.724146
  norm 0.042309 -0.993192 0.108530
  color 1.000000 1.000000 1.000000 1.000000
vertex
  pos 2.535236 -3.285347 -21.371212
  texCoord 0.789744 0.724146
  norm 0.042309 -0.993192 0.108530
  color 1.000000 1.000000 1.000000 1.000000
vertex
  pos 1.742709 -3.286831 -20.991226
  texCoord 0.789744 0.769068
  norm 0.046980 -0.994454 0.094098
  color 1.000000 1.000000 1.000000 1.000000
vertex
  pos 1.479499 -3.408753 -22.148319
  texCoord 0.854344 0.769068
  norm 0.035795 -0.993384 0.109123
  color 1.000000 1.000000 1.000000 1.000000
vertex
  pos 0.078951 -3.498878 -21.111145
  texCoord 0.905916 0.011105
  norm 0.000000 -0.999203 0.039906
  color 1.000000 1.000000 1.000000 1.000000
vertex
  pos 0.078951 -3.510831 -22.149258
  texCoord 0.985537 0.011111
  norm 0.000000 -0.999934 0.011513
  color 1.000000 1.000000 1.000000 1.000000
vertex
  pos 1.479499 -3.408753 -22.148319
  texCoord 0.985540 0.098267
  norm 0.204612 -0.978022 0.040075
  color 1.000000 1.000000 1.000000 1.000000
vertex
  pos 1.479499 -3.408753 -22.148319
  texCoord 0.985540 0.098267
  norm 0.204612 -0.978022 0.040075
  color 1.000000 1.000000 1.000000 1.000000
vertex
  pos 1.742709 -3.286832 -20.991226
  texCoord 0.906135 0.106687
  norm 0.219027 -0.972302 0.081580
  color 1.000000 1.000000 1.000000 1.000000
vertex
  pos 0.078951 -3.498878 -21.111145
  texCoord 0.905916 0.011105
  norm 0.000000 -0.999203 0.039906
  color 1.000000 1.000000 1.000000 1.000000
vertex
  pos 4.036224 -2.732396 -21.739395
  texCoord 0.985540 0.217747
  norm 0.567156 -0.756109 0.326546
  color 1.000000 1.000000 1.000000 1.000000
vertex
  pos 5.327962 -0.473734 -21.475086
  texCoord 0.985540 0.342605
  norm 0.904221 -0.183332 0.385713
  color 1.000000 1.000000 1.000000 1.000000
vertex
  pos 4.849582 -0.515654 -20.373550
  texCoord 0.905916 0.341094
  norm 0.890668 -0.195102 0.410664
  color 1.000000 1.000000 1.000000 1.000000
vertex
  pos 4.849582 -0.515654 -20.373550
  texCoord 0.905916 0.341094
  norm 0.890668 -0.195102 0.410664
  color 1.000000 1.000000 1.000000 1.000000
vertex
  pos 3.546028 -2.530249 -20.647831
  texCoord 0.905916 0.215300
  norm 0.538553 -0.751519 0.381025
  color 1.000000 1.000000 1.000000 1.000000
vertex
  pos 4.036224 -2.732396 -21.739395
  texCoord 0.985540 0.217747
  norm 0.567156 -0.756109 0.326546
  color 1.000000 1.000000 1.000000 1.000000
vertex
  pos 4.935877 1.644246 -21.340054
  texCoord 0.985544 0.454834
  norm 0.806475 0.354684 0.473073
  color 1.000000 1.000000 1.000000 1.000000
vertex
  pos 4.450935 1.334345 -20.309029
  texCoord 0.905916 0.455525
  norm 0.810805 0.346377 0.471824
  color 1.000000 1.000000 1.000000 1.000000
vertex
  pos 4.849582 -0.515654 -20.373550
  texCoord 0.905916 0.341094
  norm 0.890668 -0.195102 0.410664
  color 1.000000 1.000000 1.000000 1.000000
vertex
  pos 4.849582 -0.515654 -20.373550
  texCoord 0.905916 0.341094
  norm 0.890668 -0.195102 0.410664
  color 1.000000 1.000000 1.000000 1.000000
vertex
  pos 5.327962 -0.473734 -21.475086
  texCoord 0.985540 0.342605
  norm 0.904221 -0.183332 0.385713
  color 1.000000 1.000000 1.000000 1.000000
vertex
  pos 4.935877 1.644246 -21.340054
  texCoord 0.985544 0.454834
  norm 0.806475 0.354684 0.473073
  color 1.000000 1.000000 1.000000 1.000000
vertex
  pos 4.036224 -2.732396 -21.739395
  texCoord 0.985540 0.217747
  norm 0.567156 -0.756109 0.326546
  color 1.000000 1.000000 1.000000 1.000000
vertex
  pos 1.742709 -3.286832 -20.991226
  texCoord 0.906135 0.106687
  norm 0.219027 -0.972302 0.081580
  color 1.000000 1.000000 1.000000 1.000000
vertex
  pos 1.877865 -3.258540 -22.098965
  texCoord 0.985542 0.120430
  norm 0.294538 -0.955570 0.011531
  color 1.000000 1.000000 1.000000 1.000000
vertex
  pos 4.450935 1.334345 -20.309029
  texCoord 0.905916 0.455525
  norm 0.810805 0.346377 0.471824
  color 1.000000 1.000000 1.000000 1.000000
vertex
  pos 4.935877 1.644246 -21.340054
  texCoord 0.985544 0.454834
  norm 0.806475 0.354684 0.473073
  color 1.000000 1.000000 1.000000 1.000000
vertex
  pos 3.492976 3.505087 -21.279984
  texCoord 0.985541 0.578069
  norm 0.481425 0.736966 0.474459
  color 1.000000 1.000000 1.000000 1.000000
vertex
  pos 3.492976 3.505087 -21.279984
  texCoord 0.985541 0.578069
  norm 0.481425 0.736966 0.474459
  color 1.000000 1.000000 1.000000 1.000000
vertex
  pos 3.304417 3.038433 -20.333042
  texCoord 0.905916 0.580537
  norm 0.532704 0.714006 0.454336
  color 1.000000 1.000000 1.000000 1.000000
vertex
  pos 4.450935 1.334345 -20.309029
  texCoord 0.905916 0.455525
  norm 0.810805 0.346377 0.471824
  color 1.000000 1.000000 1.000000 1.000000
vertex
  pos 1.801339 3.933683 -21.314735
  texCoord 0.985691 0.678981
  norm 0.095475 0.890968 0.443914
  color 1.000000 1.000000 1.000000 1.000000
vertex
  pos 1.644489 3.490935 -20.384190
  texCoord 0.906113 0.679835
  norm 0.100185 0.901001 0.422090
  color 1.000000 1.000000 1.000000 1.000000
vertex
  pos 3.304417 3.038433 -20.333042
  texCoord 0.905916 0.580537
  norm 0.532704 0.714006 0.454336
  color 1.000000 1.000000 1.000000 1.000000
vertex
  pos 3.304417 3.038433 -20.333042
  texCoord 0.905916 0.580537
  norm 0.532704 0.714006 0.454336
  color 1.000000 1.000000 1.000000 1.000000
vertex
  pos 3.492976 3.505087 -21.279984
  texCoord 0.985541 0.578069
  norm 0.481425 0.736966 0.474459
  color 1.000000 1.000000 1.000000 1.000000
vertex
  pos 1.801339 3.933683 -21.314735
  texCoord 0.985691 0.678981
  norm 0.095475 0.890968 0.443914
  color 1.000000 1.000000 1.000000 1.000000
vertex
  pos 0.078951 3.903373 -21.408855
  texCoord 0.985535 0.757459
  norm 0.000000 0.931351 0.364122
  color 1.000000 1.000000 1.000000 1.000000
vertex
  pos 0.078951 3.551497 -20.393635
  texCoord 0.905912 0.757352
  norm 0.000000 0.944855 0.327488
  color 1.000000 1.000000 1.000000 1.000000
vertex
  pos 1.644489 3.490935 -20.384190
  texCoord 0.906113 0.679835
  norm 0.100185 0.901001 0.422090
  color 1.000000 1.000000 1.000000 1.000000
vertex
  pos 1.644489 3.490935 -20.384190
  texCoord 0.906113 0.679835
  norm 0.100185 0.901001 0.422090
  color 1.000000 1.000000 1.000000 1.000000
vertex
  pos 1.801339 3.933683 -21.314735
  texCoord 0.985691 0.678981
  norm 0.095475 0.890968 0.443914
  color 1.000000 1.000000 1.000000 1.000000
vertex
  pos 0.078951 3.903373 -21.408855
  texCoord 0.985535 0.757459
  norm 0.000000 0.931351 0.364122
  color 1.000000 1.000000 1.000000 1.000000
vertex
  pos 1.877865 -3.258540 -22.098965
  texCoord 0.985542 0.120430
  norm 0.294538 -0.955570 0.011531
  color 1.000000 1.000000 1.000000 1.000000
vertex
  pos 1.742709 -3.286832 -20.991226
  texCoord 0.906135 0.106687
  norm 0.219027 -0.972302 0.081580
  color 1.000000 1.000000 1.000000 1.000000
vertex
  pos 1.479499 -3.408753 -22.148319
  texCoord 0.985540 0.098267
  norm 0.204612 -0.978022 0.040075
  color 1.000000 1.000000 1.000000 1.000000
vertex
  pos 3.546028 -2.530249 -20.647831
  texCoord 0.905916 0.215300
  norm 0.538553 -0.751519 0.381025
  color 1.000000 1.000000 1.000000 1.000000
vertex
  pos 1.742709 -3.286832 -20.991226
  texCoord 0.906135 0.106687
  norm 0.219027 -0.972302 0.081580
  color 1.000000 1.000000 1.000000 1.000000
vertex
  pos 4.036224 -2.732396 -21.739395
  texCoord 0.985540 0.217747
  norm 0.567156 -0.756109 0.326546
  color 1.000000 1.000000 1.000000 1.000000
vertex
  pos 1.414797 -3.451801 -22.722740
  texCoord 0.710189 0.806871
  norm 0.128866 -0.990650 0.044790
  color 1.000000 1.000000 1.000000 1.000000
vertex
  pos 1.414797 -3.403491 -20.446838
  texCoord 0.710200 0.648376
  norm 0.088786 -0.995826 0.021138
  color 1.000000 1.000000 1.000000 1.000000
vertex
  pos 0.078951 -3.522522 -20.443520
  texCoord 0.631761 0.648576
  norm 0.000000 -0.999438 0.033531
  color 1.000000 1.000000 1.000000 1.000000
vertex
  pos 0.078951 -3.522522 -20.443520
  texCoord 0.631761 0.648576
  norm 0.000000 -0.999438 0.033531
  color 1.000000 1.000000 1.000000 1.000000
vertex
  pos 0.078951 -3.653569 -22.718731
  texCoord 0.631784 0.806886
  norm 0.000000 -0.998345 0.057502
  color 1.000000 1.000000 1.000000 1.000000
vertex
  pos 1.414797 -3.451801 -22.722740
  texCoord 0.710189 0.806871
  norm 0.128866 -0.990650 0.044790
  color 1.000000 1.000000 1.000000 1.000000
vertex
  pos -5.668807 -0.555318 -25.418839
  texCoord 0.413945 0.318926
  norm -0.988545 -0.110742 0.102548
  color 1.000000 1.000000 1.000000 1.000000
vertex
  pos -5.247093 -0.653713 -22.106468
  texCoord 0.413946 0.172206
  norm -0.956830 -0.174947 0.232100
  color 1.000000 1.000000 1.000000 1.000000
vertex
  pos -4.852940 1.950692 -24.175997
  texCoord 0.539524 0.256515
  norm -0.834634 0.541336 0.101698
  color 1.000000 1.000000 1.000000 1.000000
vertex
  pos -4.852940 1.950692 -24.175997
  texCoord 0.539524 0.256515
  norm -0.834634 0.541336 0.101698
  color 1.000000 1.000000 1.000000 1.000000
vertex
  pos -5.082116 2.144440 -25.822908
  texCoord 0.544959 0.339847
  norm -0.769067 0.619381 0.157808
  color 1.000000 1.000000 1.000000 1.000000
vertex
  pos -5.668807 -0.555318 -25.418839
  texCoord 0.413945 0.318926
  norm -0.988545 -0.110742 0.102548
  color 1.000000 1.000000 1.000000 1.000000
vertex
  pos -4.838090 -3.023990 -28.100157
  texCoord 0.287070 0.856473
  norm -0.624805 -0.775439 0.091175
  color 1.000000 1.000000 1.000000 1.000000
vertex
  pos -2.034022 -3.296486 -28.138124
  texCoord 0.176819 0.858711
  norm 0.447875 -0.892882 -0.046581
  color 1.000000 1.000000 1.000000 1.000000
vertex
  pos -2.042195 -3.333346 -26.280500
  texCoord 0.184963 0.769132
  norm 0.354033 -0.935155 -0.012086
  color 1.000000 1.000000 1.000000 1.000000
vertex
  pos -2.042195 -3.333346 -26.280500
  texCoord 0.184963 0.769132
  norm 0.354033 -0.935155 -0.012086
  color 1.000000 1.000000 1.000000 1.000000
vertex
  pos -4.535672 -2.971776 -25.895981
  texCoord 0.295873 0.766552
  norm -0.579604 -0.808415 0.102587
  color 1.000000 1.000000 1.000000 1.000000
vertex
  pos -4.838090 -3.023990 -28.100157
  texCoord 0.287070 0.856473
  norm -0.624805 -0.775439 0.091175
  color 1.000000 1.000000 1.000000 1.000000
vertex
  pos -4.535672 -2.971776 -25.895981
  texCoord 0.295873 0.766552
  norm -0.579604 -0.808415 0.102587
  color 1.000000 1.000000 1.000000 1.000000
vertex
  pos -5.668807 -0.555318 -25.418839
  texCoord 0.413945 0.752952
  norm -0.988545 -0.110742 0.102548
  color 1.000000 1.000000 1.000000 1.000000
vertex
  pos -5.882605 -0.354874 -28.017771
  texCoord 0.413945 0.861612
  norm -0.992203 -0.077439 0.097656
  color 1.000000 1.000000 1.000000 1.000000
vertex
  pos -5.882605 -0.354874 -28.017771
  texCoord 0.413945 0.861612
  norm -0.992203 -0.077439 0.097656
  color 1.000000 1.000000 1.000000 1.000000
vertex
  pos -4.838090 -3.023990 -28.100157
  texCoord 0.287070 0.856473
  norm -0.624805 -0.775439 0.091175
  color 1.000000 1.000000 1.000000 1.000000
vertex
  pos -4.535672 -2.971776 -25.895981
  texCoord 0.295873 0.766552
  norm -0.579604 -0.808415 0.102587
  color 1.000000 1.000000 1.000000 1.000000
vertex
  pos -3.148980 3.061764 -26.004295
  texCoord 0.651782 0.341628
  norm -0.035951 0.999232 -0.015561
  color 1.000000 1.000000 1.000000 1.000000
vertex
  pos -5.082116 2.144440 -25.822908
  texCoord 0.544959 0.339847
  norm -0.769067 0.619381 0.157808
  color 1.000000 1.000000 1.000000 1.000000
vertex
  pos -4.852940 1.950692 -24.175997
  texCoord 0.539524 0.256515
  norm -0.834634 0.541336 0.101698
  color 1.000000 1.000000 1.000000 1.000000
vertex
  pos -4.852940 1.950692 -24.175997
  texCoord 0.539524 0.256515
  norm -0.834634 0.541336 0.101698
  color 1.000000 1.000000 1.000000 1.000000
vertex
  pos -3.275328 3.141851 -24.987780
  texCoord 0.644477 0.282317
  norm -0.305322 0.915657 -0.261439
  color 1.000000 1.000000 1.000000 1.000000
vertex
  pos -3.148980 3.061764 -26.004295
  texCoord 0.651782 0.341628
  norm -0.035951 0.999232 -0.015561
  color 1.000000 1.000000 1.000000 1.000000
vertex
  pos -0.310581 -0.003266 -26.065481
  texCoord 0.870314 0.364930
  norm 0.969857 0.123680 -0.209952
  color 1.000000 1.000000 1.000000 1.000000
vertex
  pos -1.734599 2.570692 -26.199110
  texCoord 0.727276 0.352688
  norm 0.640584 0.767787 -0.012453
  color 1.000000 1.000000 1.000000 1.000000
vertex
  pos -1.614202 2.417984 -25.313419
  texCoord 0.742233 0.299573
  norm 0.473515 0.740249 -0.477299
  color 1.000000 1.000000 1.000000 1.000000
vertex
  pos -1.614202 2.417984 -25.313419
  texCoord 0.742233 0.299573
  norm 0.473515 0.740249 -0.477299
  color 1.000000 1.000000 1.000000 1.000000
vertex
  pos -0.137246 -0.112039 -25.479162
  texCoord 0.878382 0.334624
  norm 0.767876 -0.026164 -0.640064
  color 1.000000 1.000000 1.000000 1.000000
vertex
  pos -0.310581 -0.003266 -26.065481
  texCoord 0.870314 0.364930
  norm 0.969857 0.123680 -0.209952
  color 1.000000 1.000000 1.000000 1.000000
vertex
  pos -3.275328 3.141851 -24.987780
  texCoord 0.644477 0.282317
  norm -0.305322 0.915657 -0.261439
  color 1.000000 1.000000 1.000000 1.000000
vertex
  pos -3.473099 3.280977 -23.789150
  texCoord 0.627166 0.225677
  norm -0.550965 0.833003 -0.050439
  color 1.000000 1.000000 1.000000 1.000000
vertex
  pos -1.578304 3.966342 -23.881775
  texCoord 0.711950 0.211809
  norm -0.017773 0.943264 -0.331569
  color 1.000000 1.000000 1.000000 1.000000
vertex
  pos -1.578304 3.966342 -23.881775
  texCoord 0.711950 0.211809
  norm -0.017773 0.943264 -0.331569
  color 1.000000 1.000000 1.000000 1.000000
vertex
  pos -1.614202 2.417984 -25.313419
  texCoord 0.742233 0.299573
  norm 0.473515 0.740249 -0.477299
  color 1.000000 1.000000 1.000000 1.000000
vertex
  pos -3.275328 3.141851 -24.987780
  texCoord 0.644477 0.282317
  norm -0.305322 0.915657 -0.261439
  color 1.000000 1.000000 1.000000 1.000000
vertex
  pos -3.148980 3.061764 -26.004295
  texCoord 0.651782 0.341628
  norm -0.035951 0.999232 -0.015561
  color 1.000000 1.000000 1.000000 1.000000
vertex
  pos -2.148728 2.711543 -28.067713
  texCoord 0.690140 0.461145
  norm 0.458686 0.875337 -0.152944
  color 1.000000 1.000000 1.000000 1.000000
vertex
  pos -5.273459 2.446391 -28.145916
  texCoord 0.549446 0.444671
  norm -0.708073 0.704644 0.045932
  color 1.000000 1.000000 1.000000 1.000000
vertex
  pos -5.273459 2.446391 -28.145916
  texCoord 0.549446 0.444671
  norm -0.708073 0.704644 0.045932
  color 1.000000 1.000000 1.000000 1.000000
vertex
  pos -5.082116 2.144440 -25.822908
  texCoord 0.544959 0.339847
  norm -0.769067 0.619381 0.157808
  color 1.000000 1.000000 1.000000 1.000000
vertex
  pos -3.148980 3.061764 -26.004295
  texCoord 0.651782 0.341628
  norm -0.035951 0.999232 -0.015561
  color 1.000000 1.000000 1.000000 1.000000
vertex
  pos -0.887152 -1.680308 -26.352287
  texCoord 0.094371 0.765112
  norm 0.898006 -0.406918 -0.167341
  color 1.000000 1.000000 1.000000 1.000000
vertex
  pos -2.042195 -3.333346 -26.280500
  texCoord 0.184963 0.769132
  norm 0.354033 -0.935155 -0.012086
  color 1.000000 1.000000 1.000000 1.000000
vertex
  pos -2.034022 -3.296486 -28.138124
  texCoord 0.176819 0.858711
  norm 0.447875 -0.892882 -0.046581
  color 1.000000 1.000000 1.000000 1.000000
vertex
  pos -2.034022 -3.296486 -28.138124
  texCoord 0.176819 0.858711
  norm 0.447875 -0.892882 -0.046581
  color 1.000000 1.000000 1.000000 1.000000
vertex
  pos -0.753780 -1.007958 -28.186705
  texCoord 0.062787 0.870093
  norm 0.983168 -0.182645 0.004539
  color 1.000000 1.000000 1.000000 1.000000
vertex
  pos -0.887152 -1.680308 -26.352287
  texCoord 0.094371 0.765112
  norm 0.898006 -0.406918 -0.167341
  color 1.000000 1.000000 1.000000 1.000000
vertex
  pos -5.882605 -0.354874 -28.017771
  texCoord 0.413945 0.427585
  norm -0.992203 -0.077439 0.097656
  color 1.000000 1.000000 1.000000 1.000000
vertex
  pos -5.668807 -0.555318 -25.418839
  texCoord 0.413945 0.318926
  norm -0.988545 -0.110742 0.102548
  color 1.000000 1.000000 1.000000 1.000000
vertex
  pos -5.082116 2.144440 -25.822908
  texCoord 0.544959 0.339847
  norm -0.769067 0.619381 0.157808
  color 1.000000 1.000000 1.000000 1.000000
vertex
  pos -5.082116 2.144440 -25.822908
  texCoord 0.544959 0.339847
  norm -0.769067 0.619381 0.157808
  color 1.000000 1.000000 1.000000 1.000000
vertex
  pos -5.273459 2.446391 -28.145916
  texCoord 0.549446 0.444671
  norm -0.708073 0.704644 0.045932
  color 1.000000 1.000000 1.000000 1.000000
vertex
  pos -5.882605 -0.354874 -28.017771
  texCoord 0.413945 0.427585
  norm -0.992203 -0.077439 0.097656
  color 1.000000 1.000000 1.000000 1.000000
vertex
  pos -1.614202 2.417984 -25.313419
  texCoord 0.742233 0.299573
  norm 0.473515 0.740249 -0.477299
  color 1.000000 1.000000 1.000000 1.000000
vertex
  pos -1.734599 2.570692 -26.199110
  texCoord 0.727276 0.352688
  norm 0.640584 0.767787 -0.012453
  color 1.000000 1.000000 1.000000 1.000000
vertex
  pos -3.148980 3.061764 -26.004295
  texCoord 0.651782 0.341628
  norm -0.035951 0.999232 -0.015561
  color 1.000000 1.000000 1.000000 1.000000
vertex
  pos -3.148980 3.061764 -26.004295
  texCoord 0.651782 0.341628
  norm -0.035951 0.999232 -0.015561
  color 1.000000 1.000000 1.000000 1.000000
vertex
  pos -3.275328 3.141851 -24.987780
  texCoord 0.644477 0.282317
  norm -0.305322 0.915657 -0.261439
  color 1.000000 1.000000 1.000000 1.000000
vertex
  pos -1.614202 2.417984 -25.313419
  texCoord 0.742233 0.299573
  norm 0.473515 0.740249 -0.477299
  color 1.000000 1.000000 1.000000 1.000000
vertex
  pos 0.078951 3.765092 -23.834488
  texCoord 0.771982 0.193517
  norm 0.000000 0.901300 -0.433196
  color 1.000000 1.000000 1.000000 1.000000
vertex
  pos -1.578304 3.966342 -23.881775
  texCoord 0.711950 0.211809
  norm -0.017773 0.943264 -0.331569
  color 1.000000 1.000000 1.000000 1.000000
vertex
  pos -1.489098 3.769968 -21.269753
  texCoord 0.702518 0.110880
  norm -0.062038 0.967945 0.243380
  color 1.000000 1.000000 1.000000 1.000000
vertex
  pos -1.489098 3.769968 -21.269753
  texCoord 0.702518 0.110880
  norm -0.062038 0.967945 0.243380
  color 1.000000 1.000000 1.000000 1.000000
vertex
  pos 0.078951 3.612383 -21.262035
  texCoord 0.771982 0.105469
  norm 0.000000 0.956558 0.291541
  color 1.000000 1.000000 1.000000 1.000000
vertex
  pos 0.078951 3.765092 -23.834488
  texCoord 0.771982 0.193517
  norm 0.000000 0.901300 -0.433196
  color 1.000000 1.000000 1.000000 1.000000
vertex
  pos -0.778919 0.093727 -28.175756
  texCoord 0.012646 0.873504
  norm 0.988287 -0.051048 -0.143812
  color 1.000000 1.000000 1.000000 1.000000
vertex
  pos -0.310581 -0.003266 -26.065481
  texCoord 0.012646 0.748226
  norm 0.969857 0.123680 -0.209952
  color 1.000000 1.000000 1.000000 1.000000
vertex
  pos -0.887152 -1.680308 -26.352287
  texCoord 0.094371 0.765112
  norm 0.898006 -0.406918 -0.167341
  color 1.000000 1.000000 1.000000 1.000000
vertex
  pos -0.887152 -1.680308 -26.352287
  texCoord 0.094371 0.765112
  norm 0.898006 -0.406918 -0.167341
  color 1.000000 1.000000 1.000000 1.000000
vertex
  pos -0.753780 -1.007958 -28.186705
  texCoord 0.062787 0.870093
  norm 0.983168 -0.182645 0.004539
  color 1.000000 1.000000 1.000000 1.000000
vertex
  pos -0.778919 0.093727 -28.175756
  texCoord 0.012646 0.873504
  norm 0.988287 -0.051048 -0.143812
  color 1.000000 1.000000 1.000000 1.000000
vertex
  pos -0.853849 -2.497953 -24.670235
  texCoord 0.137109 0.672861
  norm 0.308123 -0.836216 -0.453656
  color 1.000000 1.000000 1.000000 1.000000
vertex
  pos -2.041631 -3.107596 -24.051029
  texCoord 0.200299 0.661414
  norm 0.086261 -0.996012 -0.022801
  color 1.000000 1.000000 1.000000 1.000000
vertex
  pos -2.042195 -3.333346 -26.280500
  texCoord 0.184963 0.769132
  norm 0.354033 -0.935155 -0.012086
  color 1.000000 1.000000 1.000000 1.000000
vertex
  pos -2.042195 -3.333346 -26.280500
  texCoord 0.184963 0.769132
  norm 0.354033 -0.935155 -0.012086
  color 1.000000 1.000000 1.000000 1.000000
vertex
  pos -0.887152 -1.680308 -26.352287
  texCoord 0.094371 0.765112
  norm 0.898006 -0.406918 -0.167341
  color 1.000000 1.000000 1.000000 1.000000
vertex
  pos -0.853849 -2.497953 -24.670235
  texCoord 0.137109 0.672861
  norm 0.308123 -0.836216 -0.453656
  color 1.000000 1.000000 1.000000 1.000000
vertex
  pos 0.078951 1.698313 -25.323847
  texCoord 0.826871 0.278913
  norm 0.000000 0.303704 -0.952766
  color 1.000000 1.000000 1.000000 1.000000
vertex
  pos -1.614202 2.417984 -25.313419
  texCoord 0.742233 0.299573
  norm 0.473515 0.740249 -0.477299
  color 1.000000 1.000000 1.000000 1.000000
vertex
  pos -1.578304 3.966342 -23.881775
  texCoord 0.711950 0.211809
  norm -0.017773 0.943264 -0.331569
  color 1.000000 1.000000 1.000000 1.000000
vertex
  pos -1.578304 3.966342 -23.881775
  texCoord 0.711950 0.211809
  norm -0.017773 0.943264 -0.331569
  color 1.000000 1.000000 1.000000 1.000000
vertex
  pos 0.078951 3.765092 -23.834488
  texCoord 0.771982 0.193517
  norm 0.000000 0.901300 -0.433196
  color 1.000000 1.000000 1.000000 1.000000
vertex
  pos 0.078951 1.698313 -25.323847
  texCoord 0.826871 0.278913
  norm 0.000000 0.303704 -0.952766
  color 1.000000 1.000000 1.000000 1.000000
vertex
  pos -4.535672 -2.971776 -25.895981
  texCoord 0.295873 0.766552
  norm -0.579604 -0.808415 0.102587
  color 1.000000 1.000000 1.000000 1.000000
vertex
  pos -4.104606 -2.712392 -22.975571
  texCoord 0.304662 0.630700
  norm -0.556830 -0.818632 0.140648
  color 1.000000 1.000000 1.000000 1.000000
vertex
  pos -5.247093 -0.653713 -22.106468
  texCoord 0.413946 0.606233
  norm -0.956830 -0.174947 0.232100
  color 1.000000 1.000000 1.000000 1.000000
vertex
  pos -5.247093 -0.653713 -22.106468
  texCoord 0.413946 0.606233
  norm -0.956830 -0.174947 0.232100
  color 1.000000 1.000000 1.000000 1.000000
vertex
  pos -5.668807 -0.555318 -25.418839
  texCoord 0.413945 0.752952
  norm -0.988545 -0.110742 0.102548
  color 1.000000 1.000000 1.000000 1.000000
vertex
  pos -4.535672 -2.971776 -25.895981
  texCoord 0.295873 0.766552
  norm -0.579604 -0.808415 0.102587
  color 1.000000 1.000000 1.000000 1.000000
vertex
  pos -2.041631 -3.107596 -24.051029
  texCoord 0.200299 0.661414
  norm 0.086261 -0.996012 -0.022801
  color 1.000000 1.000000 1.000000 1.000000
vertex
  pos -4.104606 -2.712392 -22.975571
  texCoord 0.304662 0.630700
  norm -0.556830 -0.818632 0.140648
  color 1.000000 1.000000 1.000000 1.000000
vertex
  pos -4.535672 -2.971776 -25.895981
  texCoord 0.295873 0.766552
  norm -0.579604 -0.808415 0.102587
  color 1.000000 1.000000 1.000000 1.000000
vertex
  pos -4.535672 -2.971776 -25.895981
  texCoord 0.295873 0.766552
  norm -0.579604 -0.808415 0.102587
  color 1.000000 1.000000 1.000000 1.000000
vertex
  pos -2.042195 -3.333346 -26.280500
  texCoord 0.184963 0.769132
  norm 0.354033 -0.935155 -0.012086
  color 1.000000 1.000000 1.000000 1.000000
vertex
  pos -2.041631 -3.107596 -24.051029
  texCoord 0.200299 0.661414
  norm 0.086261 -0.996012 -0.022801
  color 1.000000 1.000000 1.000000 1.000000
vertex
  pos -3.783069 1.145958 -19.299511
  texCoord 0.508408 0.017351
  norm -0.774805 0.415611 0.476388
  color 1.000000 1.000000 1.000000 1.000000
vertex
  pos -2.587473 2.299440 -19.379387
  texCoord 0.610219 0.017351
  norm -0.458895 0.694535 0.554109
  color 1.000000 1.000000 1.000000 1.000000
vertex
  pos -3.239681 3.364599 -21.254623
  texCoord 0.623916 0.118634
  norm -0.521728 0.809592 0.268998
  color 1.000000 1.000000 1.000000 1.000000
vertex
  pos -3.239681 3.364599 -21.254623
  texCoord 0.623916 0.118634
  norm -0.521728 0.809592 0.268998
  color 1.000000 1.000000 1.000000 1.000000
vertex
  pos -4.640785 1.545385 -21.217522
  texCoord 0.519387 0.123863
  norm -0.873716 0.402357 0.273366
  color 1.000000 1.000000 1.000000 1.000000
vertex
  pos -3.783069 1.145958 -19.299511
  texCoord 0.508408 0.017351
  norm -0.774805 0.415611 0.476388
  color 1.000000 1.000000 1.000000 1.000000
vertex
  pos -3.239681 3.364599 -21.254623
  texCoord 0.623916 0.118634
  norm -0.521728 0.809592 0.268998
  color 1.000000 1.000000 1.000000 1.000000
vertex
  pos -1.489098 3.769968 -21.269753
  texCoord 0.702518 0.110880
  norm -0.062038 0.967945 0.243380
  color 1.000000 1.000000 1.000000 1.000000
vertex
  pos -1.578304 3.966342 -23.881775
  texCoord 0.711950 0.211809
  norm -0.017773 0.943264 -0.331569
  color 1.000000 1.000000 1.000000 1.000000
vertex
  pos -1.578304 3.966342 -23.881775
  texCoord 0.711950 0.211809
  norm -0.017773 0.943264 -0.331569
  color 1.000000 1.000000 1.000000 1.000000
vertex
  pos -3.473099 3.280977 -23.789150
  texCoord 0.627166 0.225677
  norm -0.550965 0.833003 -0.050439
  color 1.000000 1.000000 1.000000 1.000000
vertex
  pos -3.239681 3.364599 -21.254623
  texCoord 0.623916 0.118634
  norm -0.521728 0.809592 0.268998
  color 1.000000 1.000000 1.000000 1.000000
vertex
  pos -1.800525 -3.176639 -22.205627
  texCoord 0.204544 0.594669
  norm -0.202162 -0.977744 0.056091
  color 1.000000 1.000000 1.000000 1.000000
vertex
  pos -3.909284 -2.685049 -22.145638
  texCoord 0.304204 0.590875
  norm -0.552042 -0.799176 0.237836
  color 1.000000 1.000000 1.000000 1.000000
vertex
  pos -4.104606 -2.712392 -22.975571
  texCoord 0.304662 0.630700
  norm -0.556830 -0.818632 0.140648
  color 1.000000 1.000000 1.000000 1.000000
vertex
  pos -4.104606 -2.712392 -22.975571
  texCoord 0.304662 0.630700
  norm -0.556830 -0.818632 0.140648
  color 1.000000 1.000000 1.000000 1.000000
vertex
  pos -2.041631 -3.107596 -24.051029
  texCoord 0.200299 0.661414
  norm 0.086261 -0.996012 -0.022801
  color 1.000000 1.000000 1.000000 1.000000
vertex
  pos -1.800525 -3.176639 -22.205627
  texCoord 0.204544 0.594669
  norm -0.202162 -0.977744 0.056091
  color 1.000000 1.000000 1.000000 1.000000
vertex
  pos -4.215831 -0.493981 -19.377056
  texCoord 0.413945 0.451378
  norm -0.881172 -0.211529 0.422837
  color 1.000000 1.000000 1.000000 1.000000
vertex
  pos -5.247093 -0.653713 -22.106468
  texCoord 0.413946 0.606233
  norm -0.956830 -0.174947 0.232100
  color 1.000000 1.000000 1.000000 1.000000
vertex
  pos -3.909284 -2.685049 -22.145638
  texCoord 0.304204 0.590875
  norm -0.552042 -0.799176 0.237836
  color 1.000000 1.000000 1.000000 1.000000
vertex
  pos -3.909284 -2.685049 -22.145638
  texCoord 0.304204 0.590875
  norm -0.552042 -0.799176 0.237836
  color 1.000000 1.000000 1.000000 1.000000
vertex
  pos -2.974008 -1.947829 -19.706806
  texCoord 0.310964 0.471650
  norm -0.553109 -0.714675 0.428148
  color 1.000000 1.000000 1.000000 1.000000
vertex
  pos -4.215831 -0.493981 -19.377056
  texCoord 0.413945 0.451378
  norm -0.881172 -0.211529 0.422837
  color 1.000000 1.000000 1.000000 1.000000
vertex
  pos 0.078951 3.612383 -21.262035
  texCoord 0.771982 0.105469
  norm 0.000000 0.956558 0.291541
  color 1.000000 1.000000 1.000000 1.000000
vertex
  pos -1.489098 3.769968 -21.269753
  texCoord 0.702518 0.110880
  norm -0.062038 0.967945 0.243380
  color 1.000000 1.000000 1.000000 1.000000
vertex
  pos -1.249347 2.982620 -19.515926
  texCoord 0.699715 0.017351
  norm 0.004236 0.848213 0.529639
  color 1.000000 1.000000 1.000000 1.000000
vertex
  pos -1.249347 2.982620 -19.515926
  texCoord 0.699715 0.017351
  norm 0.004236 0.848213 0.529639
  color 1.000000 1.000000 1.000000 1.000000
vertex
  pos 0.078951 2.377995 -19.805016
  texCoord 0.771982 0.017351
  norm 0.000000 0.762992 0.646407
  color 1.000000 1.000000 1.000000 1.000000
vertex
  pos 0.078951 3.612383 -21.262035
  texCoord 0.771982 0.105469
  norm 0.000000 0.956558 0.291541
  color 1.000000 1.000000 1.000000 1.000000
vertex
  pos -1.506150 -2.993703 -20.091473
  texCoord 0.211451 0.489490
  norm -0.277140 -0.934654 0.222743
  color 1.000000 1.000000 1.000000 1.000000
vertex
  pos -2.974008 -1.947829 -19.706806
  texCoord 0.310964 0.471650
  norm -0.553109 -0.714675 0.428148
  color 1.000000 1.000000 1.000000 1.000000
vertex
  pos -3.909284 -2.685049 -22.145638
  texCoord 0.304204 0.590875
  norm -0.552042 -0.799176 0.237836
  color 1.000000 1.000000 1.000000 1.000000
vertex
  pos -4.640785 1.545385 -21.217522
  texCoord 0.519387 0.123863
  norm -0.873716 0.402357 0.273366
  color 1.000000 1.000000 1.000000 1.000000
vertex
  pos -5.247093 -0.653713 -22.106468
  texCoord 0.413946 0.172206
  norm -0.956830 -0.174947 0.232100
  color 1.000000 1.000000 1.000000 1.000000
vertex
  pos -4.215831 -0.493981 -19.377056
  texCoord 0.413945 0.021999
  norm -0.881172 -0.211529 0.422837
  color 1.000000 1.000000 1.000000 1.000000
vertex
  pos -4.215831 -0.493981 -19.377056
  texCoord 0.413945 0.021999
  norm -0.881172 -0.211529 0.422837
  color 1.000000 1.000000 1.000000 1.000000
vertex
  pos -3.783069 1.145958 -19.299511
  texCoord 0.508408 0.017351
  norm -0.774805 0.415611 0.476388
  color 1.000000 1.000000 1.000000 1.000000
vertex
  pos -4.640785 1.545385 -21.217522
  texCoord 0.519387 0.123863
  norm -0.873716 0.402357 0.273366
  color 1.000000 1.000000 1.000000 1.000000
vertex
  pos -1.249347 2.982620 -19.515926
  texCoord 0.699715 0.017351
  norm 0.004236 0.848213 0.529639
  color 1.000000 1.000000 1.000000 1.000000
vertex
  pos -1.489098 3.769968 -21.269753
  texCoord 0.702518 0.110880
  norm -0.062038 0.967945 0.243380
  color 1.000000 1.000000 1.000000 1.000000
vertex
  pos -3.239681 3.364599 -21.254623
  texCoord 0.623916 0.118634
  norm -0.521728 0.809592 0.268998
  color 1.000000 1.000000 1.000000 1.000000
vertex
  pos -3.239681 3.364599 -21.254623
  texCoord 0.623916 0.118634
  norm -0.521728 0.809592 0.268998
  color 1.000000 1.000000 1.000000 1.000000
vertex
  pos -2.587473 2.299440 -19.379387
  texCoord 0.610219 0.017351
  norm -0.458895 0.694535 0.554109
  color 1.000000 1.000000 1.000000 1.000000
vertex
  pos -1.249347 2.982620 -19.515926
  texCoord 0.699715 0.017351
  norm 0.004236 0.848213 0.529639
  color 1.000000 1.000000 1.000000 1.000000
vertex
  pos -1.506150 -2.993703 -20.091473
  texCoord 0.211451 0.489490
  norm -0.277140 -0.934654 0.222743
  color 1.000000 1.000000 1.000000 1.000000
vertex
  pos -1.091349 -3.316252 -22.226528
  texCoord 0.170206 0.592057
  norm -0.116889 -0.990556 -0.071657
  color 1.000000 1.000000 1.000000 1.000000
vertex
  pos 0.078951 -3.494731 -21.492542
  texCoord 0.116243 0.553398
  norm -0.000000 -0.997697 0.067827
  color 1.000000 1.000000 1.000000 1.000000
vertex
  pos 0.078951 -3.494731 -21.492542
  texCoord 0.116243 0.553398
  norm -0.000000 -0.997697 0.067827
  color 1.000000 1.000000 1.000000 1.000000
vertex
  pos 0.078951 -3.243917 -20.263693
  texCoord 0.116243 0.501653
  norm 0.000000 -0.979799 0.199982
  color 1.000000 1.000000 1.000000 1.000000
vertex
  pos -1.506150 -2.993703 -20.091473
  texCoord 0.211451 0.489490
  norm -0.277140 -0.934654 0.222743
  color 1.000000 1.000000 1.000000 1.000000
vertex
  pos -0.788697 0.522218 -28.171501
  texCoord 0.812275 0.488093
  norm 0.938381 0.308683 -0.155420
  color 1.000000 1.000000 1.000000 1.000000
vertex
  pos -2.148728 2.711543 -28.067713
  texCoord 0.690140 0.461145
  norm 0.458686 0.875337 -0.152944
  color 1.000000 1.000000 1.000000 1.000000
vertex
  pos -1.734599 2.570692 -26.199110
  texCoord 0.727276 0.352688
  norm 0.640584 0.767787 -0.012453
  color 1.000000 1.000000 1.000000 1.000000
vertex
  pos -1.734599 2.570692 -26.199110
  texCoord 0.727276 0.352688
  norm 0.640584 0.767787 -0.012453
  color 1.000000 1.000000 1.000000 1.000000
vertex
  pos -0.310581 -0.003266 -26.065481
  texCoord 0.870314 0.364930
  norm 0.969857 0.123680 -0.209952
  color 1.000000 1.000000 1.000000 1.000000
vertex
  pos -0.788697 0.522218 -28.171501
  texCoord 0.812275 0.488093
  norm 0.938381 0.308683 -0.155420
  color 1.000000 1.000000 1.000000 1.000000
vertex
  pos -0.137246 -0.112039 -25.479162
  texCoord 0.012646 0.714474
  norm 0.767876 -0.026164 -0.640064
  color 1.000000 1.000000 1.000000 1.000000
vertex
  pos -0.853849 -2.497953 -24.670235
  texCoord 0.137109 0.672861
  norm 0.308123 -0.836216 -0.453656
  color 1.000000 1.000000 1.000000 1.000000
vertex
  pos -0.887152 -1.680308 -26.352287
  texCoord 0.094371 0.765112
  norm 0.898006 -0.406918 -0.167341
  color 1.000000 1.000000 1.000000 1.000000
vertex
  pos -0.887152 -1.680308 -26.352287
  texCoord 0.094371 0.765112
  norm 0.898006 -0.406918 -0.167341
  color 1.000000 1.000000 1.000000 1.000000
vertex
  pos -0.310581 -0.003266 -26.065481
  texCoord 0.012646 0.748226
  norm 0.969857 0.123680 -0.209952
  color 1.000000 1.000000 1.000000 1.000000
vertex
  pos -0.137246 -0.112039 -25.479162
  texCoord 0.012646 0.714474
  norm 0.767876 -0.026164 -0.640064
  color 1.000000 1.000000 1.000000 1.000000
vertex
  pos 0.078951 -2.625679 -24.813650
  texCoord 0.094753 0.656839
  norm 0.000000 -0.568160 -0.822918
  color 1.000000 1.000000 1.000000 1.000000
vertex
  pos -0.853849 -2.497953 -24.670235
  texCoord 0.137109 0.672861
  norm 0.308123 -0.836216 -0.453656
  color 1.000000 1.000000 1.000000 1.000000
vertex
  pos -0.137246 -0.112039 -25.479162
  texCoord 0.012646 0.714474
  norm 0.767876 -0.026164 -0.640064
  color 1.000000 1.000000 1.000000 1.000000
vertex
  pos -0.137246 -0.112039 -25.479162
  texCoord 0.012646 0.714474
  norm 0.767876 -0.026164 -0.640064
  color 1.000000 1.000000 1.000000 1.000000
vertex
  pos 0.078951 -0.112901 -25.302843
  texCoord 0.012646 0.669825
  norm 0.000000 -0.105829 -0.994384
  color 1.000000 1.000000 1.000000 1.000000
vertex
  pos 0.078951 -2.625679 -24.813650
  texCoord 0.094753 0.656839
  norm 0.000000 -0.568160 -0.822918
  color 1.000000 1.000000 1.000000 1.000000
vertex
  pos 0.078951 -3.428098 -22.222145
  texCoord 0.116243 0.586918
  norm -0.000000 -0.982179 -0.187950
  color 1.000000 1.000000 1.000000 1.000000
vertex
  pos -0.853849 -2.497953 -24.670235
  texCoord 0.137109 0.672861
  norm 0.308123 -0.836216 -0.453656
  color 1.000000 1.000000 1.000000 1.000000
vertex
  pos 0.078951 -3.145993 -24.117317
  texCoord 0.104155 0.639406
  norm -0.000000 -0.954576 -0.297968
  color 1.000000 1.000000 1.000000 1.000000
vertex
  pos 0.078951 1.698313 -25.323847
  texCoord 0.826871 0.278913
  norm 0.000000 0.303704 -0.952766
  color 1.000000 1.000000 1.000000 1.000000
vertex
  pos 0.078951 -0.112901 -25.302843
  texCoord 0.883640 0.320484
  norm 0.000000 -0.105829 -0.994384
  color 1.000000 1.000000 1.000000 1.000000
vertex
  pos -0.137246 -0.112039 -25.479162
  texCoord 0.878382 0.334624
  norm 0.767876 -0.026164 -0.640064
  color 1.000000 1.000000 1.000000 1.000000
vertex
  pos -1.614202 2.417984 -25.313419
  texCoord 0.742233 0.299573
  norm 0.473515 0.740249 -0.477299
  color 1.000000 1.000000 1.000000 1.000000
vertex
  pos 0.078951 1.698313 -25.323847
  texCoord 0.826871 0.278913
  norm 0.000000 0.303704 -0.952766
  color 1.000000 1.000000 1.000000 1.000000
vertex
  pos -0.137246 -0.112039 -25.479162
  texCoord 0.878382 0.334624
  norm 0.767876 -0.026164 -0.640064
  color 1.000000 1.000000 1.000000 1.000000
vertex
  pos -3.148980 3.061764 -26.004295
  texCoord 0.651782 0.341628
  norm -0.035951 0.999232 -0.015561
  color 1.000000 1.000000 1.000000 1.000000
vertex
  pos -1.734599 2.570692 -26.199110
  texCoord 0.727276 0.352688
  norm 0.640584 0.767787 -0.012453
  color 1.000000 1.000000 1.000000 1.000000
vertex
  pos -2.148728 2.711543 -28.067713
  texCoord 0.690140 0.461145
  norm 0.458686 0.875337 -0.152944
  color 1.000000 1.000000 1.000000 1.000000
vertex
  pos -4.640785 1.545385 -21.217522
  texCoord 0.519387 0.123863
  norm -0.873716 0.402357 0.273366
  color 1.000000 1.000000 1.000000 1.000000
vertex
  pos -4.852940 1.950692 -24.175997
  texCoord 0.539524 0.256515
  norm -0.834634 0.541336 0.101698
  color 1.000000 1.000000 1.000000 1.000000
vertex
  pos -5.247093 -0.653713 -22.106468
  texCoord 0.413946 0.172206
  norm -0.956830 -0.174947 0.232100
  color 1.000000 1.000000 1.000000 1.000000
vertex
  pos -3.473099 3.280977 -23.789150
  texCoord 0.627166 0.225677
  norm -0.550965 0.833003 -0.050439
  color 1.000000 1.000000 1.000000 1.000000
vertex
  pos -4.852940 1.950692 -24.175997
  texCoord 0.539524 0.256515
  norm -0.834634 0.541336 0.101698
  color 1.000000 1.000000 1.000000 1.000000
vertex
  pos -4.640785 1.545385 -21.217522
  texCoord 0.519387 0.123863
  norm -0.873716 0.402357 0.273366
  color 1.000000 1.000000 1.000000 1.000000
vertex
  pos -4.640785 1.545385 -21.217522
  texCoord 0.519387 0.123863
  norm -0.873716 0.402357 0.273366
  color 1.000000 1.000000 1.000000 1.000000
vertex
  pos -3.239681 3.364599 -21.254623
  texCoord 0.623916 0.118634
  norm -0.521728 0.809592 0.268998
  color 1.000000 1.000000 1.000000 1.000000
vertex
  pos -3.473099 3.280977 -23.789150
  texCoord 0.627166 0.225677
  norm -0.550965 0.833003 -0.050439
  color 1.000000 1.000000 1.000000 1.000000
vertex
  pos -3.473099 3.280977 -23.789150
  texCoord 0.627166 0.225677
  norm -0.550965 0.833003 -0.050439
  color 1.000000 1.000000 1.000000 1.000000
vertex
  pos -3.275328 3.141851 -24.987780
  texCoord 0.644477 0.282317
  norm -0.305322 0.915657 -0.261439
  color 1.000000 1.000000 1.000000 1.000000
vertex
  pos -4.852940 1.950692 -24.175997
  texCoord 0.539524 0.256515
  norm -0.834634 0.541336 0.101698
  color 1.000000 1.000000 1.000000 1.000000
vertex
  pos -2.041631 -3.107596 -24.051029
  texCoord 0.200299 0.661414
  norm 0.086261 -0.996012 -0.022801
  color 1.000000 1.000000 1.000000 1.000000
vertex
  pos -0.853849 -2.497953 -24.670235
  texCoord 0.137109 0.672861
  norm 0.308123 -0.836216 -0.453656
  color 1.000000 1.000000 1.000000 1.000000
vertex
  pos -1.091349 -3.316252 -22.226528
  texCoord 0.170206 0.592057
  norm -0.116889 -0.990556 -0.071657
  color 1.000000 1.000000 1.000000 1.000000
vertex
  pos -0.853849 -2.497953 -24.670235
  texCoord 0.137109 0.672861
  norm 0.308123 -0.836216 -0.453656
  color 1.000000 1.000000 1.000000 1.000000
vertex
  pos 0.078951 -2.625679 -24.813650
  texCoord 0.094753 0.656839
  norm 0.000000 -0.568160 -0.822918
  color 1.000000 1.000000 1.000000 1.000000
vertex
  pos 0.078951 -3.145993 -24.117317
  texCoord 0.104155 0.639406
  norm -0.000000 -0.954576 -0.297968
  color 1.000000 1.000000 1.000000 1.000000
vertex
  pos -5.247093 -0.653713 -22.106468
  texCoord 0.413946 0.606233
  norm -0.956830 -0.174947 0.232100
  color 1.000000 1.000000 1.000000 1.000000
vertex
  pos -4.104606 -2.712392 -22.975571
  texCoord 0.304662 0.630700
  norm -0.556830 -0.818632 0.140648
  color 1.000000 1.000000 1.000000 1.000000
vertex
  pos -3.909284 -2.685049 -22.145638
  texCoord 0.304204 0.590875
  norm -0.552042 -0.799176 0.237836
  color 1.000000 1.000000 1.000000 1.000000
vertex
  pos -1.800525 -3.176639 -22.205627
  texCoord 0.204544 0.594669
  norm -0.202162 -0.977744 0.056091
  color 1.000000 1.000000 1.000000 1.000000
vertex
  pos -2.041631 -3.107596 -24.051029
  texCoord 0.200299 0.661414
  norm 0.086261 -0.996012 -0.022801
  color 1.000000 1.000000 1.000000 1.000000
vertex
  pos -1.091349 -3.316252 -22.226528
  texCoord 0.170206 0.592057
  norm -0.116889 -0.990556 -0.071657
  color 1.000000 1.000000 1.000000 1.000000
vertex
  pos -1.506150 -2.993703 -20.091473
  texCoord 0.211451 0.489490
  norm -0.277140 -0.934654 0.222743
  color 1.000000 1.000000 1.000000 1.000000
vertex
  pos -1.800525 -3.176639 -22.205627
  texCoord 0.204544 0.594669
  norm -0.202162 -0.977744 0.056091
  color 1.000000 1.000000 1.000000 1.000000
vertex
  pos -1.091349 -3.316252 -22.226528
  texCoord 0.170206 0.592057
  norm -0.116889 -0.990556 -0.071657
  color 1.000000 1.000000 1.000000 1.000000
vertex
  pos 0.078951 -3.494731 -21.492542
  texCoord 0.116243 0.553398
  norm -0.000000 -0.997697 0.067827
  color 1.000000 1.000000 1.000000 1.000000
vertex
  pos -1.091349 -3.316252 -22.226528
  texCoord 0.170206 0.592057
  norm -0.116889 -0.990556 -0.071657
  color 1.000000 1.000000 1.000000 1.000000
vertex
  pos 0.078951 -3.428098 -22.222145
  texCoord 0.116243 0.586918
  norm -0.000000 -0.982179 -0.187950
  color 1.000000 1.000000 1.000000 1.000000
vertex
  pos -0.788697 0.522218 -28.171501
  texCoord 0.812275 0.488093
  norm 0.938381 0.308683 -0.155420
  color 1.000000 1.000000 1.000000 1.000000
vertex
  pos -0.310581 -0.003266 -26.065481
  texCoord 0.870314 0.364930
  norm 0.969857 0.123680 -0.209952
  color 1.000000 1.000000 1.000000 1.000000
vertex
  pos -0.778919 0.093727 -28.175756
  texCoord 0.833067 0.492353
  norm 0.988287 -0.051048 -0.143812
  color 1.000000 1.000000 1.000000 1.000000
vertex
  pos 0.078951 -3.428098 -22.222145
  texCoord 0.116243 0.586918
  norm -0.000000 -0.982179 -0.187950
  color 1.000000 1.000000 1.000000 1.000000
vertex
  pos -1.091349 -3.316252 -22.226528
  texCoord 0.170206 0.592057
  norm -0.116889 -0.990556 -0.071657
  color 1.000000 1.000000 1.000000 1.000000
vertex
  pos -0.853849 -2.497953 -24.670235
  texCoord 0.137109 0.672861
  norm 0.308123 -0.836216 -0.453656
  color 1.000000 1.000000 1.000000 1.000000
vertex
  pos -1.800525 -3.176639 -22.205627
  texCoord 0.204544 0.594669
  norm -0.202162 -0.977744 0.056091
  color 1.000000 1.000000 1.000000 1.000000
vertex
  pos -1.506150 -2.993703 -20.091473
  texCoord 0.211451 0.489490
  norm -0.277140 -0.934654 0.222743
  color 1.000000 1.000000 1.000000 1.000000
vertex
  pos -3.909284 -2.685049 -22.145638
  texCoord 0.304204 0.590875
  norm -0.552042 -0.799176 0.237836
  color 1.000000 1.000000 1.000000 1.000000
vertex
  pos 0.078951 -3.498878 -21.111145
  texCoord 0.905916 0.011105
  norm 0.000000 -0.999203 0.039906
  color 1.000000 1.000000 1.000000 1.000000
vertex
  pos -1.584807 -3.286832 -20.991226
  texCoord 0.906135 0.106687
  norm -0.219027 -0.972302 0.081580
  color 1.000000 1.000000 1.000000 1.000000
vertex
  pos -1.321597 -3.408753 -22.148319
  texCoord 0.985540 0.098267
  norm -0.204612 -0.978022 0.040075
  color 1.000000 1.000000 1.000000 1.000000
vertex
  pos -1.321597 -3.408753 -22.148319
  texCoord 0.985540 0.098267
  norm -0.204612 -0.978022 0.040075
  color 1.000000 1.000000 1.000000 1.000000
vertex
  pos 0.078951 -3.510831 -22.149258
  texCoord 0.985537 0.011111
  norm 0.000000 -0.999934 0.011513
  color 1.000000 1.000000 1.000000 1.000000
vertex
  pos 0.078951 -3.498878 -21.111145
  texCoord 0.905916 0.011105
  norm 0.000000 -0.999203 0.039906
  color 1.000000 1.000000 1.000000 1.000000
vertex
  pos -3.878323 -2.732396 -21.739395
  texCoord 0.985540 0.217747
  norm -0.567156 -0.756109 0.326546
  color 1.000000 1.000000 1.000000 1.000000
vertex
  pos -3.388126 -2.530249 -20.647831
  texCoord 0.905916 0.215300
  norm -0.538553 -0.751519 0.381025
  color 1.000000 1.000000 1.000000 1.000000
vertex
  pos -4.691680 -0.515654 -20.373550
  texCoord 0.905916 0.341094
  norm -0.890668 -0.195102 0.410664
  color 1.000000 1.000000 1.000000 1.000000
vertex
  pos -4.691680 -0.515654 -20.373550
  texCoord 0.905916 0.341094
  norm -0.890668 -0.195102 0.410664
  color 1.000000 1.000000 1.000000 1.000000
vertex
  pos -5.170060 -0.473734 -21.475086
  texCoord 0.985540 0.342605
  norm -0.904221 -0.183332 0.385713
  color 1.000000 1.000000 1.000000 1.000000
vertex
  pos -3.878323 -2.732396 -21.739395
  texCoord 0.985540 0.217747
  norm -0.567156 -0.756109 0.326546
  color 1.000000 1.000000 1.000000 1.000000
vertex
  pos -4.777975 1.644246 -21.340054
  texCoord 0.985544 0.454834
  norm -0.806475 0.354684 0.473073
  color 1.000000 1.000000 1.000000 1.000000
vertex
  pos -5.170060 -0.473734 -21.475086
  texCoord 0.985540 0.342605
  norm -0.904221 -0.183332 0.385713
  color 1.000000 1.000000 1.000000 1.000000
vertex
  pos -4.691680 -0.515654 -20.373550
  texCoord 0.905916 0.341094
  norm -0.890668 -0.195102 0.410664
  color 1.000000 1.000000 1.000000 1.000000
vertex
  pos -4.691680 -0.515654 -20.373550
  texCoord 0.905916 0.341094
  norm -0.890668 -0.195102 0.410664
  color 1.000000 1.000000 1.000000 1.000000
vertex
  pos -4.293034 1.334345 -20.309029
  texCoord 0.905916 0.455525
  norm -0.810805 0.346377 0.471824
  color 1.000000 1.000000 1.000000 1.000000
vertex
  pos -4.777975 1.644246 -21.340054
  texCoord 0.985544 0.454834
  norm -0.806475 0.354684 0.473073
  color 1.000000 1.000000 1.000000 1.000000
vertex
  pos -3.878323 -2.732396 -21.739395
  texCoord 0.985540 0.217747
  norm -0.567156 -0.756109 0.326546
  color 1.000000 1.000000 1.000000 1.000000
vertex
  pos -1.719963 -3.258540 -22.098965
  texCoord 0.985542 0.120430
  norm -0.294538 -0.955570 0.011531
  color 1.000000 1.000000 1.000000 1.000000
vertex
  pos -1.584807 -3.286832 -20.991226
  texCoord 0.906135 0.106687
  norm -0.219027 -0.972302 0.081580
  color 1.000000 1.000000 1.000000 1.000000
vertex
  pos -4.293034 1.334345 -20.309029
  texCoord 0.905916 0.455525
  norm -0.810805 0.346377 0.471824
  color 1.000000 1.000000 1.000000 1.000000
vertex
  pos -3.146515 3.038433 -20.333042
  texCoord 0.905916 0.580537
  norm -0.532704 0.714006 0.454336
  color 1.000000 1.000000 1.000000 1.000000
vertex
  pos -3.335074 3.505087 -21.279984
  texCoord 0.985541 0.578069
  norm -0.481425 0.736966 0.474459
  color 1.000000 1.000000 1.000000 1.000000
vertex
  pos -3.335074 3.505087 -21.279984
  texCoord 0.985541 0.578069
  norm -0.481425 0.736966 0.474459
  color 1.000000 1.000000 1.000000 1.000000
vertex
  pos -4.777975 1.644246 -21.340054
  texCoord 0.985544 0.454834
  norm -0.806475 0.354684 0.473073
  color 1.000000 1.000000 1.000000 1.000000
vertex
  pos -4.293034 1.334345 -20.309029
  texCoord 0.905916 0.455525
  norm -0.810805 0.346377 0.471824
  color 1.000000 1.000000 1.000000 1.000000
vertex
  pos -1.643437 3.933683 -21.314735
  texCoord 0.985691 0.678981
  norm -0.095475 0.890968 0.443914
  color 1.000000 1.000000 1.000000 1.000000
vertex
  pos -3.335074 3.505087 -21.279984
  texCoord 0.985541 0.578069
  norm -0.481425 0.736966 0.474459
  color 1.000000 1.000000 1.000000 1.000000
vertex
  pos -3.146515 3.038433 -20.333042
  texCoord 0.905916 0.580537
  norm -0.532704 0.714006 0.454336
  color 1.000000 1.000000 1.000000 1.000000
vertex
  pos -3.146515 3.038433 -20.333042
  texCoord 0.905916 0.580537
  norm -0.532704 0.714006 0.454336
  color 1.000000 1.000000 1.000000 1.000000
vertex
  pos -1.486587 3.490935 -20.384190
  texCoord 0.906113 0.679835
  norm -0.100185 0.901001 0.422090
  color 1.000000 1.000000 1.000000 1.000000
vertex
  pos -1.643437 3.933683 -21.314735
  texCoord 0.985691 0.678981
  norm -0.095475 0.890968 0.443914
  color 1.000000 1.000000 1.000000 1.000000
vertex
  pos 0.078951 3.903373 -21.408855
  texCoord 0.985535 0.757459
  norm 0.000000 0.931351 0.364122
  color 1.000000 1.000000 1.000000 1.000000
vertex
  pos -1.643437 3.933683 -21.314735
  texCoord 0.985691 0.678981
  norm -0.095475 0.890968 0.443914
  color 1.000000 1.000000 1.000000 1.000000
vertex
  pos -1.486587 3.490935 -20.384190
  texCoord 0.906113 0.679835
  norm -0.100185 0.901001 0.422090
  color 1.000000 1.000000 1.000000 1.000000
vertex
  pos -1.486587 3.490935 -20.384190
  texCoord 0.906113 0.679835
  norm -0.100185 0.901001 0.422090
  color 1.000000 1.000000 1.000000 1.000000
vertex
  pos 0.078951 3.551497 -20.393635
  texCoord 0.905912 0.757352
  norm 0.000000 0.944855 0.327488
  color 1.000000 1.000000 1.000000 1.000000
vertex
  pos 0.078951 3.903373 -21.408855
  texCoord 0.985535 0.757459
  norm 0.000000 0.931351 0.364122
  color 1.000000 1.000000 1.000000 1.000000
vertex
  pos -1.719963 -3.258540 -22.098965
  texCoord 0.985542 0.120430
  norm -0.294538 -0.955570 0.011531
  color 1.000000 1.000000 1.000000 1.000000
vertex
  pos -1.321597 -3.408753 -22.148319
  texCoord 0.985540 0.098267
  norm -0.204612 -0.978022 0.040075
  color 1.000000 1.000000 1.000000 1.000000
vertex
  pos -1.584807 -3.286832 -20.991226
  texCoord 0.906135 0.106687
  norm -0.219027 -0.972302 0.081580
  color 1.000000 1.000000 1.000000 1.000000
vertex
  pos -3.388126 -2.530249 -20.647831
  texCoord 0.905916 0.215300
  norm -0.538553 -0.751519 0.381025
  color 1.000000 1.000000 1.000000 1.000000
vertex
  pos -3.878323 -2.732396 -21.739395
  texCoord 0.985540 0.217747
  norm -0.567156 -0.756109 0.326546
  color 1.000000 1.000000 1.000000 1.000000
vertex
  pos -1.584807 -3.286832 -20.991226
  texCoord 0.906135 0.106687
  norm -0.219027 -0.972302 0.081580
  color 1.000000 1.000000 1.000000 1.000000
vertex
  pos -1.256895 -3.451801 -22.722740
  texCoord 0.710189 0.806871
  norm -0.128866 -0.990650 0.044790
  color 1.000000 1.000000 1.000000 1.000000
vertex
  pos 0.078951 -3.653569 -22.718731
  texCoord 0.631784 0.806886
  norm 0.000000 -0.998345 0.057502
  color 1.000000 1.000000 1.000000 1.000000
vertex
  pos 0.078951 -3.522522 -20.443520
  texCoord 0.631761 0.648576
  norm 0.000000 -0.999438 0.033531
  color 1.000000 1.000000 1.000000 1.000000
vertex
  pos 0.078951 -3.522522 -20.443520
  texCoord 0.631761 0.648576
  norm 0.000000 -0.999438 0.033531
  color 1.000000 1.000000 1.000000 1.000000
vertex
  pos -1.256895 -3.403491 -20.446838
  texCoord 0.710200 0.648376
  norm -0.088786 -0.995826 0.021138
  color 1.000000 1.000000 1.000000 1.000000
vertex
  pos -1.256895 -3.451801 -22.722740
  texCoord 0.710189 0.806871
  norm -0.128866 -0.990650 0.044790
  color 1.000000 1.000000 1.000000 1.000000
m_IDtriList.size 184
IDtri 0 1 2
IDtri 3 4 5
IDtri 6 7 8
IDtri 9 10 11
IDtri 12 13 14
IDtri 15 16 17
IDtri 18 19 20
IDtri 21 22 23
IDtri 24 25 26
IDtri 27 28 29
IDtri 30 31 32
IDtri 33 34 35
IDtri 36 37 38
IDtri 39 40 41
IDtri 42 43 44
IDtri 45 46 47
IDtri 48 49 50
IDtri 51 52 53
IDtri 54 55 56
IDtri 57 58 59
IDtri 60 61 62
IDtri 63 64 65
IDtri 66 67 68
IDtri 69 70 71
IDtri 72 73 74
IDtri 75 76 77
IDtri 78 79 80
IDtri 81 82 83
IDtri 84 85 86
IDtri 87 88 89
IDtri 90 91 92
IDtri 93 94 95
IDtri 96 97 98
IDtri 99 100 101
IDtri 102 103 104
IDtri 105 106 107
IDtri 108 109 110
IDtri 111 112 113
IDtri 114 115 116
IDtri 117 118 119
IDtri 120 121 122
IDtri 123 124 125
IDtri 126 127 128
IDtri 129 130 131
IDtri 132 133 134
IDtri 135 136 137
IDtri 138 139 140
IDtri 141 142 143
IDtri 144 145 146
IDtri 147 148 149
IDtri 150 151 152
IDtri 153 154 155
IDtri 156 157 158
IDtri 159 160 161
IDtri 162 163 164
IDtri 165 166 167
IDtri 168 169 170
IDtri 171 172 173
IDtri 174 175 176
IDtri 177 178 179
IDtri 180 181 182
IDtri 183 184 185
IDtri 186 187 188
IDtri 189 190 191
IDtri 192 193 194
IDtri 195 196 197
IDtri 198 199 200
IDtri 201 202 203
IDtri 204 205 206
IDtri 207 208 209
IDtri 210 211 212
IDtri 213 214 215
IDtri 216 217 218
IDtri 219 220 221
IDtri 222 223 224
IDtri 225 226 227
IDtri 228 229 230
IDtri 231 232 233
IDtri 234 235 236
IDtri 237 238 239
IDtri 240 241 242
IDtri 243 244 245
IDtri 246 247 248
IDtri 249 250 251
IDtri 252 253 254
IDtri 255 256 257
IDtri 258 259 260
IDtri 261 262 263
IDtri 264 265 266
IDtri 267 268 269
IDtri 270 271 272
IDtri 273 274 275
IDtri 276 277 278
IDtri 279 280 281
IDtri 282 283 284
IDtri 285 286 287
IDtri 288 289 290
IDtri 291 292 293
IDtri 294 295 296
IDtri 297 298 299
IDtri 300 301 302
IDtri 303 304 305
IDtri 306 307 308
IDtri 309 310 311
IDtri 312 313 314
IDtri 315 316 317
IDtri 318 319 320
IDtri 321 322 323
IDtri 324 325 326
IDtri 327 328 329
IDtri 330 331 332
IDtri 333 334 335
IDtri 336 337 338
IDtri 339 340 341
IDtri 342 343 344
IDtri 345 346 347
IDtri 348 349 350
IDtri 351 352 353
IDtri 354 355 356
IDtri 357 358 359
IDtri 360 361 362
IDtri 363 364 365
IDtri 366 367 368
IDtri 369 370 371
IDtri 372 373 374
IDtri 375 376 377
IDtri 378 379 380
IDtri 381 382 383
IDtri 384 385 386
IDtri 387 388 389
IDtri 390 391 392
IDtri 393 394 395
IDtri 396 397 398
IDtri 399 400 401
IDtri 402 403 404
IDtri 405 406 407
IDtri 408 409 410
IDtri 411 412 413
IDtri 414 415 416
IDtri 417 418 419
IDtri 420 421 422
IDtri 423 424 425
IDtri 426 427 428
IDtri 429 430 431
IDtri 432 433 434
IDtri 435 436 437
IDtri 438 439 440
IDtri 441 442 443
IDtri 444 445 446
IDtri 447 448 449
IDtri 450 451 452
IDtri 453 454 455
IDtri 456 457 458
IDtri 459 460 461
IDtri 462 463 464
IDtri 465 466 467
IDtri 468 469 470
IDtri 471 472 473
IDtri 474 475 476
IDtri 477 478 479
IDtri 480 481 482
IDtri 483 484 485
IDtri 486 487 488
IDtri 489 490 491
IDtri 492 493 494
IDtri 495 496 497
IDtri 498 499 500
IDtri 501 502 503
IDtri 504 505 506
IDtri 507 508 509
IDtri 510 511 512
IDtri 513 514 515
IDtri 516 517 518
IDtri 519 520 521
IDtri 522 523 524
IDtri 525 526 527
IDtri 528 529 530
IDtri 531 532 533
IDtri 534 535 536
IDtri 537 538 539
IDtri 540 541 542
IDtri 543 544 545
IDtri 546 547 548
IDtri 549 550 551
