 6
 1563
 4
 0 41
 0 157
 0 940
 0 1058
 6
 0 38
 0 40
 0 740
 0 937
 0 941
 0 1639
 8
 0 44
 0 46
 0 164
 0 166
 0 943
 0 947
 0 1063
 0 1067
 6
 0 55
 0 128
 0 130
 0 956
 0 1027
 0 1031
 4
 0 119
 0 145
 0 1018
 0 1046
 6
 0 127
 0 482
 0 484
 0 1028
 0 1381
 0 1385
 6
 0 146
 0 148
 0 155
 0 1045
 0 1049
 0 1054
 6
 0 204
 0 207
 0 481
 0 1104
 0 1107
 0 1382
 4
 0 431
 0 577
 0 1330
 0 1478
 4
 0 439
 0 445
 0 1340
 0 1346
 8
 0 438
 0 441
 0 512
 0 514
 0 1338
 0 1341
 0 1411
 0 1415
 6
 0 0
 0 3
 0 215
 0 397
 0 494
 0 496
 5
 0 1
 0 125
 0 180
 0 183
 0 493
 8
 0 2
 0 4
 0 122
 0 124
 0 217
 0 867
 0 872
 0 895
 5
 0 5
 0 398
 0 400
 0 433
 0 894
 6
 0 6
 0 9
 0 474
 0 477
 0 587
 0 783
 6
 0 7
 0 14
 0 16
 0 479
 0 510
 0 513
 6
 0 8
 0 10
 0 13
 0 102
 0 105
 0 463
 6
 0 11
 0 462
 0 465
 0 595
 0 598
 0 784
 5
 0 12
 0 15
 0 19
 0 103
 0 575
 5
 0 17
 0 20
 0 22
 0 443
 0 515
 7
 0 18
 0 21
 0 25
 0 378
 0 381
 0 570
 0 573
 7
 0 23
 0 26
 0 28
 0 440
 0 442
 0 444
 0 447
 5
 0 24
 0 27
 0 379
 0 697
 0 878
 5
 0 29
 0 449
 0 602
 0 858
 0 876
 7
 0 30
 0 33
 0 422
 0 424
 0 470
 0 472
 0 535
 6
 0 31
 0 395
 0 421
 0 644
 0 795
 0 814
 7
 0 32
 0 34
 0 504
 0 507
 0 640
 0 660
 0 797
 5
 0 35
 0 198
 0 201
 0 473
 0 509
 7
 0 36
 0 39
 0 66
 0 69
 0 73
 0 156
 0 159
 5
 0 37
 0 71
 0 648
 0 667
 0 738
 6
 0 42
 0 45
 0 203
 0 468
 0 471
 0 529
 5
 0 43
 0 167
 0 200
 0 202
 0 233
 7
 0 48
 0 51
 0 78
 0 81
 0 703
 0 710
 0 835
 5
 0 49
 0 83
 0 670
 0 842
 0 882
 7
 0 50
 0 52
 0 68
 0 70
 0 341
 0 649
 0 884
 5
 0 53
 0 338
 0 340
 0 704
 0 732
 5
 0 54
 0 57
 0 131
 0 869
 0 870
 6
 0 59
 0 427
 0 434
 0 436
 0 871
 0 896
 7
 0 60
 0 63
 0 259
 0 342
 0 345
 0 414
 0 417
 5
 0 61
 0 306
 0 309
 0 347
 0 365
 5
 0 62
 0 64
 0 235
 0 311
 0 699
 5
 0 65
 0 415
 0 500
 0 502
 0 701
 7
 0 67
 0 72
 0 75
 0 336
 0 339
 0 656
 0 706
 7
 0 74
 0 76
 0 161
 0 162
 0 165
 0 230
 0 232
 4
 0 77
 0 229
 0 654
 0 771
 5
 0 79
 0 413
 0 779
 0 834
 0 892
 7
 0 80
 0 82
 0 410
 0 412
 0 713
 0 840
 0 886
 6
 0 84
 0 87
 0 169
 0 752
 0 787
 0 862
 5
 0 85
 0 95
 0 747
 0 751
 0 763
 9
 0 86
 0 88
 0 97
 0 749
 0 767
 0 769
 0 798
 0 806
 0 819
 7
 0 89
 0 170
 0 172
 0 691
 0 755
 0 759
 0 766
 6
 0 90
 0 93
 0 676
 0 762
 0 782
 0 790
 7
 0 91
 0 488
 0 490
 0 636
 0 663
 0 789
 0 880
 7
 0 92
 0 94
 0 98
 0 100
 0 109
 0 665
 0 748
 5
 0 96
 0 99
 0 373
 0 804
 0 827
 5
 0 101
 0 108
 0 111
 0 115
 0 825
 7
 0 104
 0 106
 0 325
 0 402
 0 405
 0 572
 0 574
 6
 0 107
 0 211
 0 324
 0 327
 0 464
 0 466
 8
 0 114
 0 117
 0 144
 0 147
 0 293
 0 374
 0 376
 0 826
 7
 0 120
 0 123
 0 185
 0 390
 0 393
 0 420
 0 423
 6
 0 121
 0 218
 0 220
 0 425
 0 534
 0 537
 6
 0 126
 0 129
 0 216
 0 219
 0 485
 0 868
 8
 0 132
 0 135
 0 272
 0 274
 0 516
 0 519
 0 554
 0 556
 6
 0 133
 0 527
 0 553
 0 846
 0 857
 0 864
 7
 0 134
 0 136
 0 775
 0 794
 0 844
 0 849
 0 866
 4
 0 137
 0 517
 0 615
 0 843
 6
 0 138
 0 141
 0 299
 0 359
 0 560
 0 562
 6
 0 139
 0 168
 0 171
 0 296
 0 298
 0 863
 6
 0 140
 0 142
 0 173
 0 456
 0 459
 0 690
 5
 0 143
 0 270
 0 273
 0 461
 0 563
 7
 0 149
 0 152
 0 154
 0 288
 0 291
 0 318
 0 321
 6
 0 151
 0 319
 0 686
 0 722
 0 742
 0 808
 8
 0 174
 0 177
 0 192
 0 195
 0 450
 0 453
 0 588
 0 591
 5
 0 175
 0 182
 0 184
 0 391
 0 455
 7
 0 176
 0 178
 0 181
 0 188
 0 190
 0 492
 0 495
 4
 0 179
 0 187
 0 193
 0 247
 7
 0 186
 0 189
 0 248
 0 250
 0 326
 0 328
 0 407
 5
 0 191
 0 212
 0 214
 0 329
 0 497
 7
 0 194
 0 196
 0 246
 0 249
 0 330
 0 333
 0 355
 5
 0 197
 0 354
 0 357
 0 559
 0 589
 7
 0 199
 0 228
 0 231
 0 506
 0 508
 0 653
 0 772
 5
 0 205
 0 221
 0 480
 0 483
 0 539
 7
 0 206
 0 208
 0 469
 0 528
 0 531
 0 536
 0 538
 6
 0 210
 0 213
 0 396
 0 399
 0 467
 0 596
 7
 0 222
 0 225
 0 240
 0 243
 0 332
 0 334
 0 385
 7
 0 223
 0 384
 0 387
 0 781
 0 791
 0 875
 0 881
 7
 0 224
 0 226
 0 295
 0 675
 0 780
 0 788
 0 861
 6
 0 227
 0 294
 0 297
 0 335
 0 356
 0 358
 6
 0 234
 0 237
 0 282
 0 285
 0 503
 0 700
 7
 0 236
 0 238
 0 308
 0 310
 0 712
 0 887
 0 897
 6
 0 239
 0 266
 0 268
 0 283
 0 888
 0 899
 5
 0 241
 0 251
 0 331
 0 404
 0 406
 5
 0 242
 0 244
 0 383
 0 403
 0 571
 7
 0 245
 0 380
 0 382
 0 386
 0 388
 0 696
 0 853
 4
 0 253
 0 263
 0 301
 0 367
 7
 0 254
 0 256
 0 300
 0 303
 0 721
 0 735
 0 809
 7
 0 258
 0 261
 0 343
 0 366
 0 369
 0 542
 0 544
 6
 0 260
 0 262
 0 281
 0 302
 0 304
 0 419
 7
 0 264
 0 267
 0 523
 0 566
 0 568
 0 801
 0 811
 6
 0 265
 0 284
 0 286
 0 350
 0 352
 0 803
 5
 0 269
 0 524
 0 526
 0 847
 0 890
 5
 0 271
 0 458
 0 460
 0 557
 0 729
 6
 0 275
 0 521
 0 558
 0 561
 0 590
 0 592
 6
 0 276
 0 279
 0 317
 0 416
 0 418
 0 499
 6
 0 277
 0 314
 0 316
 0 320
 0 322
 0 741
 5
 0 278
 0 280
 0 305
 0 743
 0 807
 6
 0 287
 0 312
 0 315
 0 349
 0 498
 0 501
 5
 0 289
 0 313
 0 323
 0 348
 0 351
 7
 0 290
 0 292
 0 353
 0 377
 0 802
 0 810
 0 823
 6
 0 307
 0 362
 0 364
 0 671
 0 841
 0 885
 4
 0 337
 0 705
 0 733
 0 838
 7
 0 344
 0 346
 0 360
 0 363
 0 541
 0 548
 0 550
 6
 0 361
 0 547
 0 650
 0 668
 0 669
 0 883
 5
 0 372
 0 375
 0 805
 0 820
 0 822
 3
 0 389
 0 852
 0 873
 7
 0 392
 0 394
 0 452
 0 454
 0 642
 0 646
 0 818
 6
 0 401
 0 432
 0 435
 0 594
 0 599
 0 679
 6
 0 408
 0 411
 0 776
 0 856
 0 865
 0 891
 6
 0 409
 0 711
 0 848
 0 855
 0 889
 0 898
 6
 0 426
 0 429
 0 437
 0 576
 0 579
 0 680
 7
 0 451
 0 518
 0 520
 0 593
 0 617
 0 816
 0 832
 9
 0 457
 0 564
 0 567
 0 692
 0 730
 0 754
 0 758
 0 770
 0 800
 2
 0 491
 0 638
 5
 0 505
 0 632
 0 634
 0 651
 0 662
 6
 0 522
 0 525
 0 552
 0 555
 0 569
 0 731
 5
 0 565
 0 799
 0 812
 0 821
 0 824
 6
 0 581
 0 582
 0 585
 0 597
 0 678
 0 785
 4
 0 601
 0 698
 0 854
 0 877
 4
 0 603
 0 608
 0 624
 0 717
 11
 0 604
 0 607
 0 610
 0 658
 0 672
 0 682
 0 688
 0 694
 0 724
 0 727
 0 745
 5
 0 605
 0 621
 0 625
 0 674
 0 716
 5
 0 606
 0 612
 0 627
 0 719
 0 728
 5
 0 609
 0 643
 0 645
 0 689
 0 815
 5
 0 611
 0 641
 0 657
 0 796
 0 813
 8
 0 613
 0 629
 0 631
 0 652
 0 655
 0 707
 0 773
 0 839
 5
 0 614
 0 630
 0 633
 0 683
 0 726
 6
 0 616
 0 725
 0 744
 0 793
 0 833
 0 845
 5
 0 618
 0 622
 0 673
 0 693
 0 830
 5
 0 619
 0 695
 0 723
 0 792
 0 851
 6
 0 620
 0 774
 0 778
 0 828
 0 850
 0 893
 6
 0 623
 0 709
 0 714
 0 777
 0 829
 0 836
 8
 0 626
 0 628
 0 702
 0 708
 0 715
 0 718
 0 734
 0 837
 5
 0 635
 0 639
 0 659
 0 661
 0 681
 3
 0 637
 0 874
 0 879
 5
 0 647
 0 687
 0 746
 0 817
 0 831
 4
 0 677
 0 750
 0 764
 0 786
 3
 0 753
 0 756
 0 761
 4
 0 757
 0 760
 0 765
 0 768
 5
 2 2
 2 3
 2 61
 2 88
 2 340
 5
 2 4
 2 19
 2 338
 2 339
 2 418
 10
 2 0
 2 5
 2 18
 2 23
 2 144
 2 149
 2 276
 2 281
 2 384
 2 435
 5
 2 1
 2 84
 2 89
 2 148
 2 151
 10
 2 8
 2 9
 2 146
 2 147
 2 152
 2 153
 2 467
 2 468
 2 476
 2 477
 4
 2 10
 2 145
 2 184
 2 386
 7
 2 6
 2 11
 2 182
 2 183
 2 229
 2 497
 2 508
 5
 2 7
 2 208
 2 228
 2 233
 2 478
 8
 2 14
 2 15
 2 50
 2 51
 2 696
 2 701
 2 702
 2 707
 4
 2 16
 2 448
 2 517
 2 700
 5
 2 12
 2 17
 2 397
 2 447
 2 505
 6
 2 13
 2 52
 2 360
 2 365
 2 396
 2 401
 9
 2 20
 2 21
 2 416
 2 417
 2 672
 2 677
 2 690
 2 695
 2 725
 5
 2 22
 2 277
 2 579
 2 584
 2 724
 6
 2 26
 2 27
 2 67
 2 130
 2 362
 2 363
 6
 2 28
 2 38
 2 39
 2 103
 2 128
 2 129
 7
 2 24
 2 29
 2 102
 2 107
 2 114
 2 119
 2 124
 5
 2 25
 2 48
 2 53
 2 118
 2 364
 6
 2 32
 2 33
 2 424
 2 616
 2 621
 2 626
 6
 2 34
 2 36
 2 41
 2 58
 2 423
 2 428
 6
 2 30
 2 35
 2 40
 2 127
 2 158
 2 159
 5
 2 31
 2 157
 2 610
 2 617
 2 618
 6
 2 37
 2 56
 2 57
 2 104
 2 105
 2 283
 6
 2 44
 2 45
 2 121
 2 714
 2 719
 2 721
 6
 2 46
 2 106
 2 120
 2 125
 2 282
 2 287
 4
 2 42
 2 47
 2 286
 2 421
 6
 2 43
 2 409
 2 420
 2 623
 2 624
 2 722
 5
 2 49
 2 116
 2 117
 2 703
 2 712
 4
 2 54
 2 59
 2 402
 2 427
 6
 2 55
 2 284
 2 285
 2 404
 2 410
 2 422
 8
 2 62
 2 63
 2 86
 2 87
 2 680
 2 681
 2 684
 2 689
 3
 2 64
 2 483
 2 688
 6
 2 60
 2 65
 2 336
 2 341
 2 442
 2 485
 5
 2 68
 2 69
 2 361
 2 400
 2 510
 5
 2 70
 2 451
 2 464
 2 481
 2 512
 10
 2 66
 2 71
 2 126
 2 131
 2 160
 2 162
 2 167
 2 176
 2 177
 2 480
 6
 2 74
 2 75
 2 172
 2 627
 2 632
 2 634
 6
 2 76
 2 170
 2 171
 2 292
 2 324
 2 329
 4
 2 72
 2 77
 2 328
 2 411
 5
 2 73
 2 388
 2 413
 2 635
 2 636
 7
 2 80
 2 81
 2 449
 2 506
 2 516
 2 521
 2 523
 3
 2 82
 2 522
 2 527
 4
 2 78
 2 83
 2 205
 2 379
 8
 2 79
 2 378
 2 398
 2 399
 2 452
 2 453
 2 504
 2 511
 6
 2 85
 2 150
 2 155
 2 540
 2 543
 2 682
 5
 2 92
 2 93
 2 296
 2 297
 2 319
 4
 2 94
 2 295
 2 300
 2 305
 6
 2 90
 2 95
 2 304
 2 332
 2 333
 2 358
 6
 2 91
 2 97
 2 320
 2 321
 2 356
 2 357
 6
 2 98
 2 99
 2 344
 2 345
 2 355
 2 445
 6
 2 100
 2 313
 2 348
 2 353
 2 440
 2 444
 6
 2 96
 2 101
 2 322
 2 352
 2 498
 2 503
 7
 2 110
 2 111
 2 134
 2 135
 2 290
 2 291
 2 325
 5
 2 112
 2 133
 2 190
 2 456
 2 461
 4
 2 108
 2 113
 2 460
 2 471
 6
 2 109
 2 326
 2 327
 2 389
 2 412
 2 473
 6
 2 115
 2 122
 2 123
 2 708
 2 713
 2 718
 6
 2 136
 2 164
 2 165
 2 194
 2 195
 2 289
 6
 2 132
 2 137
 2 186
 2 191
 2 193
 2 214
 6
 2 140
 2 141
 2 241
 2 247
 2 260
 2 261
 6
 2 142
 2 222
 2 227
 2 235
 2 246
 2 251
 10
 2 138
 2 143
 2 192
 2 197
 2 210
 2 215
 2 234
 2 239
 2 431
 2 433
 6
 2 139
 2 242
 2 243
 2 432
 2 496
 2 509
 6
 2 154
 2 466
 2 528
 2 533
 2 534
 2 541
 9
 2 156
 2 161
 2 175
 2 373
 2 561
 2 603
 2 608
 2 611
 2 612
 5
 2 166
 2 169
 2 178
 2 288
 2 293
 5
 2 163
 2 196
 2 429
 2 463
 2 482
 6
 2 168
 2 173
 2 174
 2 179
 2 604
 2 631
 7
 2 180
 2 185
 2 343
 2 385
 2 437
 2 438
 2 446
 9
 2 181
 2 244
 2 270
 2 275
 2 306
 2 311
 2 342
 2 347
 2 495
 6
 2 188
 2 189
 2 457
 2 628
 2 633
 2 638
 7
 2 187
 2 212
 2 213
 2 605
 2 606
 2 629
 2 630
 6
 2 200
 2 201
 2 224
 2 225
 2 640
 2 646
 5
 2 202
 2 223
 2 250
 2 252
 2 257
 4
 2 198
 2 203
 2 256
 2 381
 5
 2 199
 2 383
 2 391
 2 647
 2 648
 4
 2 206
 2 207
 2 474
 2 479
 5
 2 204
 2 209
 2 232
 2 380
 2 454
 8
 2 211
 2 238
 2 562
 2 566
 2 567
 2 597
 2 602
 2 607
 6
 2 218
 2 219
 2 248
 2 249
 2 253
 2 259
 6
 2 220
 2 258
 2 263
 2 268
 2 486
 2 491
 4
 2 216
 2 221
 2 405
 2 490
 6
 2 217
 2 254
 2 255
 2 382
 2 392
 2 407
 6
 2 226
 2 236
 2 237
 2 598
 2 639
 2 644
 8
 2 230
 2 231
 2 430
 2 434
 2 450
 2 455
 2 462
 2 507
 6
 2 240
 2 245
 2 262
 2 264
 2 269
 2 274
 7
 2 266
 2 267
 2 487
 2 641
 2 642
 2 645
 2 650
 6
 2 265
 2 272
 2 273
 2 599
 2 600
 2 643
 7
 2 271
 2 310
 2 568
 2 570
 2 578
 2 592
 2 601
 6
 2 278
 2 279
 2 316
 2 583
 2 587
 2 588
 5
 2 280
 2 314
 2 315
 2 436
 2 439
 5
 2 298
 2 318
 2 323
 2 493
 2 502
 6
 2 294
 2 299
 2 301
 2 492
 2 665
 2 666
 6
 2 302
 2 303
 2 334
 2 653
 2 654
 2 664
 7
 2 308
 2 309
 2 330
 2 335
 2 593
 2 594
 2 652
 5
 2 307
 2 331
 2 346
 2 354
 2 359
 6
 2 312
 2 317
 2 349
 2 586
 2 659
 2 660
 5
 2 337
 2 395
 2 414
 2 419
 2 441
 5
 2 350
 2 351
 2 499
 2 658
 2 669
 7
 2 368
 2 369
 2 374
 2 375
 2 560
 2 563
 2 565
 6
 2 370
 2 514
 2 537
 2 552
 2 555
 2 559
 7
 2 366
 2 371
 2 513
 2 518
 2 519
 2 698
 2 699
 4
 2 367
 2 376
 2 697
 2 706
 7
 2 372
 2 377
 2 613
 2 704
 2 705
 2 710
 2 711
 7
 4 2
 4 3
 4 44
 4 45
 4 66
 4 71
 4 160
 5
 4 4
 4 70
 4 92
 4 93
 4 181
 7
 4 0
 4 5
 4 133
 4 156
 4 178
 4 180
 4 196
 4
 4 1
 4 10
 4 158
 4 161
 2
 4 84
 4 89
 2
 4 117
 4 199
 3
 4 120
 4 125
 4 202
 3
 4 118
 4 198
 4 203
 3
 4 132
 4 190
 4 197
 4
 4 134
 4 136
 4 176
 4 177
 5
 4 8
 4 9
 4 46
 4 159
 4 184
 8
 4 6
 4 11
 4 122
 4 123
 4 157
 4 188
 4 189
 4 195
 4
 4 7
 4 121
 4 200
 4 201
 2
 4 32
 4 33
 4
 4 14
 4 15
 4 140
 4 141
 2
 4 16
 4 209
 9
 4 12
 4 17
 4 96
 4 101
 4 103
 4 108
 4 166
 4 172
 4 208
 4
 4 13
 4 110
 4 142
 4 204
 3
 4 139
 4 210
 4 215
 6
 4 138
 4 143
 4 145
 4 150
 4 206
 4 211
 10
 4 20
 4 21
 4 126
 4 131
 4 146
 4 147
 4 152
 4 192
 4 222
 4 227
 4
 4 22
 4 79
 4 111
 4 128
 3
 4 18
 4 23
 4 114
 5
 4 19
 4 116
 4 216
 4 221
 4 223
 2
 4 115
 4 217
 3
 4 62
 4 63
 4 185
 3
 4 28
 4 34
 4 154
 3
 4 24
 4 29
 4 135
 6
 4 25
 4 100
 4 137
 4 168
 4 173
 4 175
 6
 4 38
 4 39
 4 42
 4 47
 4 61
 4 183
 7
 4 40
 4 56
 4 57
 4 60
 4 65
 4 86
 4 87
 5
 4 36
 4 41
 4 49
 4 55
 4 82
 5
 4 37
 4 43
 4 48
 4 53
 4 67
 7
 4 50
 4 51
 4 72
 4 77
 4 80
 4 81
 4 113
 5
 4 52
 4 68
 4 69
 4 76
 4 94
 2
 4 58
 4 85
 4
 4 54
 4 59
 4 78
 4 83
 2
 4 64
 4 88
 8
 4 74
 4 75
 4 90
 4 95
 4 162
 4 167
 4 170
 4 171
 5
 4 73
 4 112
 4 127
 4 130
 4 163
 5
 4 91
 4 169
 4 174
 4 179
 4 182
 3
 4 104
 4 105
 4 207
 2
 2 469
 2 475
 3
 2 465
 2 470
 2 529
 1
 4 119
 2
 4 124
 4 187
 5
 2 387
 2 458
 2 459
 2 472
 2 637
 5
 2 390
 2 406
 2 488
 2 489
 2 649
 7
 2 393
 2 443
 2 484
 2 686
 2 687
 2 692
 2 693
 3
 2 394
 2 415
 2 691
 5
 2 403
 2 408
 2 425
 2 426
 2 625
 5
 2 494
 2 500
 2 501
 2 667
 2 671
 7
 2 515
 2 520
 2 524
 2 525
 2 532
 2 535
 2 539
 3
 2 526
 2 530
 2 531
 7
 2 536
 2 538
 2 542
 2 544
 2 548
 2 550
 2 554
 6
 2 545
 2 547
 2 674
 2 675
 2 678
 2 683
 8
 2 546
 2 549
 2 571
 2 573
 2 577
 2 580
 2 676
 2 723
 4
 2 551
 2 553
 2 557
 2 574
 6
 2 556
 2 558
 2 564
 2 569
 2 572
 2 575
 6
 2 576
 2 581
 2 582
 2 589
 2 591
 2 596
 6
 2 585
 2 590
 2 595
 2 651
 2 656
 2 661
 6
 2 609
 2 614
 2 619
 2 709
 2 716
 2 717
 5
 2 615
 2 620
 2 622
 2 715
 2 720
 6
 2 655
 2 657
 2 662
 2 663
 2 668
 2 670
 4
 2 673
 2 679
 2 685
 2 694
 6
 4 109
 4 129
 4 151
 4 164
 4 165
 4 205
 2
 4 186
 4 191
 7
 1 2
 1 3
 1 43
 1 116
 1 117
 1 356
 1 357
 6
 1 4
 1 32
 1 33
 1 115
 1 122
 1 123
 5
 1 0
 1 5
 1 31
 1 352
 1 370
 6
 1 1
 1 8
 1 9
 1 350
 1 351
 1 358
 5
 1 10
 1 13
 1 349
 1 711
 1 901
 6
 1 6
 1 11
 1 12
 1 17
 1 73
 1 82
 6
 1 7
 1 72
 1 77
 1 354
 1 359
 1 379
 6
 1 14
 1 15
 1 681
 1 686
 1 688
 1 713
 6
 1 16
 1 78
 1 83
 1 687
 1 692
 1 697
 6
 1 20
 1 21
 1 174
 1 179
 1 181
 1 286
 5
 1 22
 1 61
 1 180
 1 185
 1 187
 7
 1 18
 1 23
 1 60
 1 65
 1 228
 1 233
 1 238
 4
 1 19
 1 139
 1 175
 1 232
 5
 1 28
 1 40
 1 254
 1 255
 1 367
 7
 1 24
 1 29
 1 30
 1 35
 1 364
 1 366
 1 371
 6
 1 34
 1 121
 1 152
 1 153
 1 360
 1 365
 8
 1 38
 1 39
 1 348
 1 353
 1 368
 1 369
 1 902
 1 903
 6
 1 44
 1 45
 1 106
 1 355
 1 377
 1 378
 6
 1 46
 1 68
 1 69
 1 104
 1 105
 1 250
 8
 1 42
 1 47
 1 118
 1 126
 1 131
 1 248
 1 249
 1 716
 7
 1 50
 1 51
 1 108
 1 113
 1 274
 1 917
 1 918
 6
 1 52
 1 96
 1 101
 1 264
 1 269
 1 916
 7
 1 48
 1 53
 1 66
 1 71
 1 100
 1 727
 1 730
 4
 1 49
 1 70
 1 103
 1 109
 7
 1 56
 1 57
 1 102
 1 107
 1 110
 1 111
 1 376
 6
 1 58
 1 76
 1 373
 1 375
 1 380
 1 914
 7
 1 54
 1 59
 1 84
 1 89
 1 913
 1 934
 1 940
 5
 1 55
 1 88
 1 112
 1 270
 1 275
 6
 1 62
 1 63
 1 91
 1 186
 1 191
 1 193
 6
 1 64
 1 90
 1 95
 1 234
 1 239
 1 725
 6
 1 67
 1 166
 1 172
 1 246
 1 251
 1 729
 7
 1 74
 1 75
 1 80
 1 81
 1 374
 1 707
 1 708
 5
 1 79
 1 695
 1 696
 1 700
 1 709
 8
 1 92
 1 93
 1 98
 1 99
 1 192
 1 197
 1 720
 1 728
 6
 1 94
 1 97
 1 258
 1 263
 1 268
 1 723
 6
 1 114
 1 119
 1 124
 1 130
 1 132
 1 137
 6
 1 120
 1 125
 1 136
 1 146
 1 147
 1 154
 6
 1 128
 1 129
 1 133
 1 240
 1 245
 1 739
 5
 1 127
 1 226
 1 241
 1 715
 1 736
 7
 1 134
 1 135
 1 148
 1 276
 1 281
 1 717
 1 738
 7
 1 140
 1 141
 1 230
 1 231
 1 296
 1 297
 1 304
 4
 1 142
 1 160
 1 295
 1 300
 9
 1 138
 1 143
 1 158
 1 159
 1 176
 1 177
 1 224
 1 225
 1 737
 8
 1 156
 1 161
 1 277
 1 302
 1 315
 1 719
 1 733
 1 891
 5
 1 157
 1 242
 1 243
 1 732
 1 735
 8
 1 164
 1 165
 1 168
 1 173
 1 330
 1 335
 1 338
 1 339
 6
 1 162
 1 167
 1 343
 1 722
 1 726
 1 731
 5
 1 163
 1 220
 1 340
 1 342
 1 347
 7
 1 170
 1 171
 1 222
 1 227
 1 247
 1 292
 1 714
 5
 1 169
 1 288
 1 293
 1 328
 1 334
 6
 1 178
 1 223
 1 282
 1 287
 1 290
 1 291
 7
 1 182
 1 183
 1 202
 1 284
 1 285
 1 320
 1 321
 7
 1 184
 1 188
 1 189
 1 200
 1 201
 1 204
 1 209
 7
 1 190
 1 194
 1 195
 1 208
 1 210
 1 215
 1 743
 5
 1 196
 1 344
 1 345
 1 721
 1 742
 6
 1 198
 1 203
 1 319
 1 383
 1 384
 1 412
 5
 1 199
 1 205
 1 382
 1 389
 1 390
 6
 1 206
 1 207
 1 211
 1 388
 1 395
 1 396
 6
 1 212
 1 213
 1 217
 1 394
 1 401
 1 402
 5
 1 214
 1 216
 1 221
 1 346
 1 741
 7
 1 218
 1 219
 1 336
 1 341
 1 400
 1 407
 1 408
 7
 1 229
 1 236
 1 237
 1 305
 1 306
 1 309
 1 314
 5
 1 235
 1 262
 1 310
 1 724
 1 928
 4
 1 244
 1 718
 1 734
 1 740
 7
 1 372
 1 706
 1 912
 1 925
 1 937
 1 941
 1 942
 5
 1 283
 1 289
 1 322
 1 326
 1 327
 6
 1 298
 1 303
 1 308
 1 844
 1 848
 1 849
 6
 1 294
 1 299
 1 301
 1 316
 1 842
 1 843
 5
 1 307
 1 313
 1 850
 1 854
 1 855
 7
 1 311
 1 312
 1 856
 1 858
 1 863
 1 927
 1 932
 2
 1 317
 1 892
 6
 1 318
 1 323
 1 325
 1 413
 1 414
 1 418
 7
 1 324
 1 329
 1 332
 1 333
 1 419
 1 420
 1 424
 5
 1 331
 1 337
 1 406
 1 425
 1 426
 6
 1 385
 1 411
 1 416
 1 754
 1 758
 1 759
 7
 1 381
 1 386
 1 391
 1 746
 1 747
 1 752
 1 753
 6
 1 387
 1 392
 1 397
 1 745
 1 788
 1 789
 6
 1 393
 1 398
 1 403
 1 782
 1 783
 1 787
 6
 1 399
 1 404
 1 409
 1 776
 1 777
 1 781
 5
 1 405
 1 410
 1 427
 1 772
 1 775
 6
 1 415
 1 417
 1 422
 1 760
 1 764
 1 765
 6
 1 421
 1 423
 1 428
 1 766
 1 770
 1 771
 6
 1 429
 1 434
 1 460
 1 802
 1 806
 1 807
 6
 1 430
 1 439
 1 794
 1 795
 1 800
 1 801
 7
 1 435
 1 440
 1 441
 1 446
 1 793
 1 836
 1 837
 5
 1 442
 1 451
 1 830
 1 831
 1 835
 6
 1 447
 1 452
 1 457
 1 824
 1 825
 1 829
 6
 1 453
 1 458
 1 471
 1 476
 1 820
 1 823
 6
 1 459
 1 464
 1 466
 1 808
 1 812
 1 813
 6
 1 465
 1 470
 1 472
 1 814
 1 818
 1 819
 6
 1 479
 1 480
 1 483
 1 488
 1 622
 1 631
 6
 1 481
 1 509
 1 510
 1 621
 1 626
 1 664
 6
 1 477
 1 482
 1 508
 1 527
 1 528
 1 535
 5
 1 478
 1 484
 1 533
 1 534
 1 538
 6
 1 485
 1 486
 1 490
 1 537
 1 542
 1 544
 7
 1 487
 1 489
 1 494
 1 627
 1 632
 1 633
 1 638
 6
 1 491
 1 492
 1 496
 1 543
 1 548
 1 550
 5
 1 493
 1 495
 1 500
 1 634
 1 643
 6
 1 497
 1 498
 1 502
 1 549
 1 554
 1 556
 6
 1 499
 1 501
 1 506
 1 639
 1 644
 1 649
 7
 1 503
 1 504
 1 519
 1 524
 1 555
 1 560
 1 565
 6
 1 505
 1 523
 1 645
 1 650
 1 651
 1 656
 6
 1 511
 1 515
 1 516
 1 658
 1 663
 1 668
 6
 1 507
 1 512
 1 514
 1 529
 1 569
 1 570
 6
 1 517
 1 521
 1 522
 1 652
 1 657
 1 662
 6
 1 513
 1 518
 1 520
 1 563
 1 564
 1 571
 2
 1 841
 1 888
 6
 1 525
 1 530
 1 568
 1 611
 1 612
 1 619
 6
 1 526
 1 531
 1 536
 1 577
 1 617
 1 618
 6
 1 532
 1 539
 1 540
 1 575
 1 576
 1 580
 6
 1 541
 1 545
 1 546
 1 579
 1 584
 1 586
 6
 1 547
 1 551
 1 552
 1 585
 1 590
 1 592
 6
 1 553
 1 557
 1 558
 1 591
 1 596
 1 598
 6
 1 559
 1 561
 1 566
 1 597
 1 602
 1 607
 6
 1 562
 1 567
 1 572
 1 605
 1 606
 1 613
 3
 1 573
 1 578
 1 616
 3
 1 574
 1 581
 1 582
 3
 1 583
 1 587
 1 588
 3
 1 589
 1 593
 1 594
 3
 1 595
 1 599
 1 600
 3
 1 601
 1 603
 1 608
 3
 1 604
 1 609
 1 614
 3
 1 610
 1 615
 1 620
 3
 1 673
 1 677
 1 678
 6
 1 36
 1 41
 1 253
 1 669
 1 674
 1 676
 3
 1 679
 1 908
 1 909
 5
 1 37
 1 675
 1 680
 1 904
 1 907
 3
 1 685
 1 689
 1 690
 3
 1 691
 1 693
 1 698
 3
 1 694
 1 701
 1 702
 3
 1 703
 1 894
 1 899
 7
 1 699
 1 704
 1 705
 1 710
 1 898
 1 921
 1 926
 5
 1 436
 1 445
 1 744
 1 749
 1 790
 6
 1 431
 1 432
 1 437
 1 438
 1 748
 1 751
 6
 1 433
 1 461
 1 462
 1 750
 1 755
 1 757
 6
 1 463
 1 467
 1 468
 1 756
 1 761
 1 763
 6
 1 469
 1 473
 1 474
 1 762
 1 767
 1 769
 6
 1 454
 1 475
 1 768
 1 773
 1 774
 1 779
 6
 1 448
 1 455
 1 456
 1 778
 1 780
 1 785
 7
 1 443
 1 444
 1 449
 1 450
 1 784
 1 786
 1 791
 5
 1 628
 1 637
 1 792
 1 797
 1 838
 6
 1 623
 1 624
 1 629
 1 630
 1 796
 1 799
 6
 1 625
 1 665
 1 666
 1 798
 1 803
 1 805
 6
 1 659
 1 660
 1 667
 1 804
 1 809
 1 811
 6
 1 653
 1 654
 1 661
 1 810
 1 815
 1 817
 6
 1 646
 1 655
 1 816
 1 821
 1 822
 1 827
 6
 1 640
 1 647
 1 648
 1 826
 1 828
 1 833
 7
 1 635
 1 636
 1 641
 1 642
 1 832
 1 834
 1 839
 7
 1 840
 1 845
 1 847
 1 868
 1 872
 1 873
 1 889
 6
 1 846
 1 851
 1 853
 1 874
 1 878
 1 879
 6
 1 852
 1 857
 1 862
 1 880
 1 882
 1 887
 3
 1 864
 1 869
 1 871
 1
 1 865
 3
 1 870
 1 875
 1 877
 3
 1 876
 1 881
 1 886
 3
 1 866
 1 867
 1 890
 6
 1 682
 1 712
 1 900
 1 905
 1 906
 1 911
 3
 1 683
 1 684
 1 910
 7
 3 2
 3 3
 3 20
 3 21
 3 179
 3 182
 3 187
 7
 3 4
 3 86
 3 87
 3 118
 3 133
 3 178
 3 195
 5
 3 0
 3 5
 3 16
 3 52
 3 85
 5
 3 1
 3 22
 3 37
 3 50
 3 51
 6
 3 8
 3 9
 3 46
 3 74
 3 75
 3 91
 3
 3 10
 3 44
 3 45
 3
 3 6
 3 11
 3 13
 7
 3 7
 3 12
 3 17
 3 84
 3 89
 3 92
 3 93
 4
 3 14
 3 15
 3 48
 3 53
 7
 3 18
 3 23
 3 36
 3 41
 3 56
 3 57
 3 174
 5
 3 19
 3 30
 3 35
 3 55
 3 188
 7
 3 26
 3 27
 3 31
 3 54
 3 59
 3 82
 3 171
 5
 3 28
 3 58
 3 149
 3 150
 3 176
 6
 3 24
 3 29
 3 70
 3 148
 3 154
 3 209
 7
 3 25
 3 153
 3 158
 3 161
 3 162
 3 169
 3 172
 7
 3 32
 3 33
 3 64
 3 80
 3 81
 3 104
 3 105
 5
 3 34
 3 103
 3 180
 3 184
 3 186
 3
 3 38
 3 39
 3 49
 3
 3 40
 3 151
 3 175
 7
 3 42
 3 47
 3 68
 3 69
 3 73
 3 155
 3 156
 2
 3 43
 3 67
 5
 3 62
 3 63
 3 106
 3 124
 3 139
 3
 3 66
 3 71
 3 208
 6
 3 76
 3 90
 3 95
 3 109
 3 189
 3 200
 8
 3 72
 3 77
 3 157
 3 163
 3 167
 3 191
 3 192
 3 211
 5
 3 88
 3 94
 3 110
 3 111
 3 197
 7
 3 98
 3 99
 3 102
 3 107
 3 137
 3 138
 3 185
 2
 3 100
 3 136
 3
 3 96
 3 101
 3 130
 6
 3 97
 3 129
 3 134
 3 177
 3 181
 3 183
 6
 3 112
 3 116
 3 117
 3 127
 3 196
 3 214
 5
 3 108
 3 113
 3 198
 3 203
 3 213
 4
 3 114
 3 119
 3 131
 3 132
 2
 3 115
 3 128
 4
 3 122
 3 123
 3 135
 3 140
 5
 3 126
 3 141
 3 146
 3 201
 3 215
 6
 3 145
 3 190
 3 199
 3 202
 3 206
 3 212
 3
 3 147
 3 152
 3 207
 2
 3 279
 3 284
 1
 3 280
 4
 3 218
 3 219
 3 224
 3 225
 3
 3 220
 3 230
 3 231
 3
 3 216
 3 221
 3 229
 2
 3 217
 3 226
 2
 3 222
 3 227
 1
 3 223
 1
 3 232
 2
 3 228
 3 233
 3
 3 236
 3 237
 3 275
 4
 3 238
 3 253
 3 274
 3 277
 4
 3 242
 3 243
 3 248
 3 249
 2
 3 244
 3 276
 4
 3 240
 3 245
 3 252
 3 278
 2
 3 241
 3 250
 3
 3 246
 3 251
 3 256
 3
 3 247
 3 255
 3 260
 2
 3 254
 3 273
 3
 3 257
 3 258
 3 265
 3
 3 259
 3 263
 3 264
 3
 3 261
 3 266
 3 271
 3
 3 262
 3 269
 3 270
 7
 2 728
 2 729
 2 733
 2 890
 2 891
 2 926
 2 927
 7
 2 730
 2 732
 2 737
 2 936
 2 941
 2 1046
 2 1051
 6
 2 726
 2 731
 2 766
 2 1049
 2 1050
 2 1069
 5
 2 727
 2 764
 2 765
 2 928
 2 1021
 6
 2 734
 2 735
 2 740
 2 741
 2 877
 2 889
 5
 2 736
 2 876
 2 881
 2 898
 2 937
 7
 2 742
 2 750
 2 755
 2 798
 2 803
 2 888
 2 893
 6
 2 738
 2 743
 2 748
 2 754
 2 756
 2 761
 7
 2 739
 2 746
 2 747
 2 878
 2 879
 2 884
 2 885
 7
 2 744
 2 749
 2 760
 2 906
 2 911
 2 1104
 2 1107
 5
 2 745
 2 836
 2 837
 2 886
 2 910
 6
 2 752
 2 753
 2 757
 2 1057
 2 1061
 2 1073
 5
 2 751
 2 802
 2 1035
 2 1054
 2 1058
 7
 2 758
 2 759
 2 1072
 2 1076
 2 1099
 2 1103
 2 1108
 5
 2 762
 2 767
 2 820
 2 1026
 2 1068
 6
 2 763
 2 1022
 2 1023
 2 1028
 2 1034
 2 1094
 3
 2 770
 2 771
 2 973
 2
 2 772
 2 982
 6
 2 768
 2 773
 2 980
 2 981
 2 994
 2 1015
 7
 2 769
 2 834
 2 839
 2 974
 2 975
 2 992
 2 993
 6
 2 776
 2 777
 2 780
 2 785
 2 970
 2 1006
 6
 2 778
 2 805
 2 1004
 2 1005
 2 1098
 2 1101
 5
 2 774
 2 779
 2 850
 2 1075
 2 1100
 6
 2 775
 2 781
 2 848
 2 849
 2 998
 2 999
 6
 2 782
 2 783
 2 948
 2 953
 2 997
 2 1018
 6
 2 784
 2 966
 2 971
 2 979
 2 1016
 2 1017
 7
 2 788
 2 789
 2 1031
 2 1039
 2 1063
 2 1067
 2 1097
 5
 2 790
 2 800
 2 801
 2 1055
 2 1066
 5
 2 786
 2 791
 2 799
 2 892
 2 925
 6
 2 787
 2 924
 2 929
 2 1020
 2 1025
 2 1029
 5
 2 794
 2 795
 2 919
 2 943
 2 1041
 6
 2 796
 2 852
 2 857
 2 918
 2 923
 2 1078
 5
 2 792
 2 797
 2 832
 2 856
 2 955
 6
 2 793
 2 830
 2 831
 2 868
 2 944
 2 945
 3
 2 806
 2 807
 2 1003
 3
 2 808
 2 1087
 2 1091
 6
 2 804
 2 809
 2 1090
 2 1102
 2 1105
 2 1109
 7
 2 812
 2 813
 2 854
 2 855
 2 871
 2 956
 2 957
 3
 2 814
 2 870
 2 875
 4
 2 810
 2 815
 2 930
 2 935
 4
 2 811
 2 859
 2 934
 2 958
 4
 2 968
 2 969
 2 1002
 2 1007
 4
 2 818
 2 819
 2 1027
 2 1032
 8
 2 816
 2 821
 2 860
 2 861
 2 932
 2 933
 2 1048
 2 1070
 2
 2 817
 2 931
 6
 2 824
 2 825
 2 844
 2 865
 2 986
 2 987
 5
 2 826
 2 829
 2 864
 2 869
 2 964
 6
 2 822
 2 827
 2 940
 2 962
 2 963
 2 1044
 7
 2 823
 2 840
 2 845
 2 896
 2 897
 2 938
 2 939
 8
 2 828
 2 833
 2 858
 2 863
 2 954
 2 959
 2 960
 2 965
 5
 2 838
 2 908
 2 909
 2 976
 2 1012
 6
 2 835
 2 882
 2 887
 2 900
 2 905
 2 991
 6
 2 842
 2 843
 2 949
 2 988
 2 996
 2 1001
 6
 2 841
 2 895
 2 902
 2 903
 2 950
 2 951
 7
 2 846
 2 851
 2 912
 2 917
 2 1060
 2 1071
 2 1074
 5
 2 847
 2 916
 2 984
 2 989
 2 1000
 8
 2 853
 2 872
 2 873
 2 1040
 2 1077
 2 1080
 2 1083
 2 1096
 5
 2 862
 2 961
 2 1045
 2 1047
 2 1052
 6
 2 866
 2 867
 2 914
 2 915
 2 946
 2 985
 2
 2 874
 2 1082
 5
 2 880
 2 883
 2 894
 2 899
 2 904
 6
 2 901
 2 952
 2 990
 2 995
 2 1014
 2 1019
 6
 2 907
 2 1008
 2 1013
 2 1086
 2 1089
 2 1106
 7
 2 913
 2 942
 2 947
 2 1037
 2 1042
 2 1056
 2 1059
 7
 2 920
 2 921
 2 1036
 2 1043
 2 1053
 2 1062
 2 1065
 4
 2 922
 2 1038
 2 1064
 2 1079
 3
 2 967
 2 978
 2 983
 4
 2 972
 2 977
 2 1010
 2 1011
 2
 2 1009
 2 1088
 5
 2 1024
 2 1030
 2 1084
 2 1093
 2 1095
 4
 2 1033
 2 1081
 2 1085
 2 1092
 4
 5 2
 5 3
 5 38
 5 39
 3
 5 1
 5 32
 5 33
 5
 5 0
 5 5
 5 34
 5 44
 5 57
 4
 5 4
 5 37
 5 42
 5 47
 6
 5 6
 5 11
 5 14
 5 15
 5 50
 5 60
 2
 5 10
 5 16
 5
 5 13
 5 20
 5 21
 5 48
 5 53
 3
 5 12
 5 17
 5 22
 4
 5 19
 5 25
 5 51
 5 56
 4
 5 18
 5 23
 5 26
 5 27
 6
 5 24
 5 29
 5 30
 5 35
 5 54
 5 59
 2
 5 28
 5 31
 3
 5 8
 5 9
 5 40
 5
 5 7
 5 36
 5 41
 5 45
 5 62
 7
 5 43
 5 46
 5 49
 5 52
 5 55
 5 58
 5 61
 6
 5 65
 5 66
 5 85
 5 268
 5 299
 5 300
 6
 5 64
 5 259
 5 269
 5 270
 5 425
 5 426
 6
 5 63
 5 68
 5 255
 5 260
 5 262
 5 421
 6
 5 67
 5 83
 5 84
 5 263
 5 264
 5 304
 6
 5 71
 5 72
 5 205
 5 280
 5 383
 5 384
 6
 5 70
 5 238
 5 281
 5 282
 5 407
 5 408
 6
 5 69
 5 74
 5 239
 5 240
 5 274
 5 415
 7
 5 73
 5 203
 5 204
 5 275
 5 276
 5 389
 5 390
 6
 5 77
 5 78
 5 88
 5 292
 5 317
 5 318
 6
 5 76
 5 293
 5 294
 5 525
 5 530
 5 535
 6
 5 75
 5 80
 5 286
 5 531
 5 536
 5 541
 6
 5 79
 5 87
 5 92
 5 287
 5 288
 5 310
 7
 5 82
 5 233
 5 234
 5 305
 5 306
 5 477
 5 482
 6
 5 81
 5 86
 5 235
 5 298
 5 395
 5 396
 7
 5 89
 5 90
 5 171
 5 176
 5 316
 5 357
 5 362
 5
 5 91
 5 175
 5 311
 5 312
 5 466
 6
 5 95
 5 96
 5 111
 5 116
 5 328
 5 343
 6
 5 94
 5 159
 5 164
 5 329
 5 330
 5 346
 5
 5 93
 5 98
 5 160
 5 322
 5 355
 6
 5 97
 5 115
 5 323
 5 324
 5 333
 5 338
 6
 5 101
 5 102
 5 190
 5 209
 5 210
 5 799
 6
 5 100
 5 273
 5 278
 5 411
 5 416
 5 800
 8
 5 99
 5 104
 5 363
 5 368
 5 412
 5 623
 5 624
 5 786
 5
 5 103
 5 189
 5 194
 5 442
 5 787
 7
 5 107
 5 108
 5 221
 5 222
 5 229
 5 783
 5 789
 5
 5 106
 5 265
 5 303
 5 308
 5 790
 7
 5 105
 5 110
 5 261
 5 266
 5 417
 5 422
 5 796
 5
 5 109
 5 177
 5 182
 5 220
 5 797
 6
 5 113
 5 114
 5 334
 5 532
 5 539
 5 540
 6
 5 112
 5 341
 5 342
 5 526
 5 533
 5 534
 6
 5 119
 5 120
 5 511
 5 543
 5 548
 5 553
 7
 5 118
 5 549
 5 554
 5 705
 5 710
 5 713
 5 714
 6
 5 117
 5 122
 5 166
 5 715
 5 719
 5 720
 7
 5 121
 5 167
 5 168
 5 509
 5 510
 5 515
 5 516
 6
 5 125
 5 126
 5 129
 5 134
 5 496
 5 505
 6
 5 124
 5 155
 5 156
 5 490
 5 497
 5 498
 6
 5 123
 5 128
 5 157
 5 688
 5 695
 5 696
 5
 5 127
 5 133
 5 697
 5 701
 5 702
 5
 5 131
 5 132
 5 550
 5 703
 5 709
 6
 5 130
 5 503
 5 504
 5 544
 5 551
 5 552
 7
 5 137
 5 138
 5 659
 5 660
 5 765
 5 770
 5 817
 5
 5 136
 5 663
 5 668
 5 760
 5 766
 6
 5 135
 5 140
 5 555
 5 560
 5 628
 5 664
 5
 5 139
 5 253
 5 629
 5 630
 5 658
 6
 5 143
 5 144
 5 148
 5 747
 5 752
 5 754
 4
 5 142
 5 244
 5 748
 5 815
 7
 5 141
 5 146
 5 245
 5 246
 5 633
 5 638
 5 652
 5
 5 145
 5 147
 5 152
 5 634
 5 640
 7
 5 149
 5 150
 5 667
 5 753
 5 758
 5 761
 5 762
 6
 5 151
 5 559
 5 641
 5 642
 5 665
 5 666
 7
 5 154
 5 483
 5 488
 5 491
 5 492
 5 802
 5 820
 9
 5 153
 5 158
 5 447
 5 452
 5 673
 5 687
 5 692
 5 803
 5 807
 6
 5 161
 5 162
 5 353
 5 354
 5 403
 5 454
 7
 5 163
 5 347
 5 348
 5 453
 5 458
 5 471
 5 476
 8
 5 165
 5 170
 5 183
 5 188
 5 649
 5 721
 5 810
 5 824
 6
 5 169
 5 514
 5 521
 5 522
 5 806
 5 822
 7
 5 173
 5 174
 5 365
 5 366
 5 436
 5 467
 5 468
 5
 5 172
 5 361
 5 437
 5 438
 5 460
 8
 5 179
 5 180
 5 207
 5 212
 5 369
 5 374
 5 387
 5 392
 6
 5 178
 5 191
 5 192
 5 208
 5 219
 5 224
 4
 5 181
 5 373
 5 418
 5 795
 6
 5 185
 5 186
 5 449
 5 450
 5 775
 5 778
 5
 5 184
 5 771
 5 776
 5 805
 5 823
 6
 5 187
 5 448
 5 645
 5 650
 5 671
 5 672
 6
 5 193
 5 223
 5 227
 5 228
 5 443
 5 444
 7
 5 197
 5 198
 5 257
 5 258
 5 377
 5 378
 5 427
 5
 5 196
 5 201
 5 206
 5 379
 5 382
 5
 5 195
 5 200
 5 202
 5 370
 5 391
 6
 5 199
 5 256
 5 371
 5 372
 5 419
 5 420
 4
 5 211
 5 277
 5 388
 5 798
 3
 5 215
 5 216
 5 682
 2
 5 214
 5 598
 7
 5 213
 5 218
 5 599
 5 600
 5 730
 5 737
 5 738
 6
 5 217
 5 681
 5 686
 5 739
 5 743
 5 744
 4
 5 226
 5 445
 5 610
 5 616
 6
 5 225
 5 230
 5 604
 5 611
 5 612
 5 785
 6
 5 232
 5 401
 5 402
 5 455
 5 456
 5 478
 5
 5 231
 5 236
 5 394
 5 457
 5 472
 6
 5 237
 5 242
 5 409
 5 439
 5 459
 5 464
 6
 5 241
 5 367
 5 413
 5 414
 5 435
 5 440
 6
 5 243
 5 248
 5 691
 5 724
 5 808
 5 813
 7
 5 247
 5 651
 5 656
 5 675
 5 680
 5 725
 5 726
 3
 5 251
 5 252
 5 631
 3
 5 250
 5 683
 5 684
 6
 5 249
 5 254
 5 657
 5 662
 5 685
 5 745
 6
 5 267
 5 272
 5 301
 5 431
 5 432
 5 586
 4
 5 271
 5 424
 5 433
 5 595
 7
 5 279
 5 284
 5 385
 5 429
 5 434
 5 593
 5 594
 5
 5 283
 5 406
 5 430
 5 587
 5 588
 7
 5 285
 5 290
 5 507
 5 512
 5 537
 5 542
 5 547
 5
 5 289
 5 309
 5 314
 5 508
 5 517
 6
 5 291
 5 296
 5 319
 5 571
 5 573
 5 578
 6
 5 295
 5 529
 5 563
 5 564
 5 567
 5 572
 6
 5 297
 5 302
 5 397
 5 580
 5 585
 5 590
 6
 5 307
 5 481
 5 605
 5 606
 5 784
 5 791
 6
 5 313
 5 465
 5 470
 5 513
 5 518
 5 523
 5
 5 315
 5 320
 5 358
 5 577
 5 793
 7
 5 321
 5 326
 5 351
 5 356
 5 489
 5 494
 5 499
 6
 5 325
 5 337
 5 495
 5 500
 5 501
 5 506
 6
 5 327
 5 332
 5 339
 5 344
 5 561
 5 566
 5
 5 331
 5 345
 5 350
 5 562
 5 568
 6
 5 335
 5 336
 5 502
 5 538
 5 545
 5 546
 4
 5 340
 5 527
 5 528
 5 565
 5
 5 349
 5 475
 5 569
 5 570
 5 574
 5
 5 352
 5 399
 5 404
 5 487
 5 493
 6
 5 359
 5 360
 5 461
 5 462
 5 583
 5 792
 5
 5 364
 5 469
 5 519
 5 524
 5 622
 5
 5 376
 5 423
 5 428
 5 591
 5 596
 5
 5 375
 5 380
 5 381
 5 386
 5 592
 9
 5 393
 5 398
 5 473
 5 474
 5 575
 5 576
 5 579
 5 584
 5 794
 6
 5 400
 5 479
 5 480
 5 485
 5 486
 5 607
 6
 5 405
 5 410
 5 463
 5 581
 5 582
 5 589
 6
 5 441
 5 446
 5 615
 5 620
 5 625
 5 788
 5
 5 451
 5 777
 5 782
 5 801
 5 821
 6
 5 484
 5 603
 5 608
 5 613
 5 781
 5 819
 6
 5 520
 5 619
 5 621
 5 626
 5 772
 5 804
 3
 5 557
 5 558
 5 643
 3
 5 556
 5 627
 5 632
 4
 5 597
 5 602
 5 677
 5 678
 5
 5 601
 5 679
 5 727
 5 729
 5 734
 8
 5 609
 5 614
 5 617
 5 618
 5 773
 5 774
 5 779
 5 780
 4
 5 635
 5 636
 5 639
 5 644
 3
 5 637
 5 653
 5 654
 6
 5 647
 5 648
 5 735
 5 740
 5 742
 5 811
 5
 5 646
 5 670
 5 731
 5 732
 5 736
 2
 5 655
 5 676
 7
 5 661
 5 717
 5 722
 5 741
 5 746
 5 812
 5 816
 6
 5 669
 5 674
 5 723
 5 728
 5 733
 5 809
 6
 5 689
 5 690
 5 694
 5 749
 5 750
 5 814
 6
 5 693
 5 698
 5 700
 5 751
 5 755
 5 756
 6
 5 699
 5 704
 5 707
 5 708
 5 757
 5 763
 6
 5 706
 5 712
 5 759
 5 764
 5 767
 5 768
 5
 5 711
 5 716
 5 718
 5 769
 5 818
 6
 0 486
 0 489
 4 214
 0 1386
 0 1389
 4 439
 6
 4 220
 4 224
 4 225
 4 445
 4 452
 4 453
 4
 4 218
 4 219
 4 446
 4 447
 4
 1 85
 1 933
 1 1033
 1 1878
 6
 1 86
 1 87
 1 271
 1 1031
 1 1032
 1 1219
 6
 1 272
 1 273
 1 919
 1 1217
 1 1218
 1 1861
 8
 1 260
 1 261
 1 929
 1 930
 1 1205
 1 1206
 1 1874
 1 1875
 6
 1 923
 1 924
 1 938
 1 1868
 1 1869
 1 1882
 6
 1 896
 1 897
 1 922
 1 1841
 1 1842
 1 1870
 6
 1 935
 1 939
 1 944
 1 1879
 1 1884
 1 1889
 6
 0 900
 0 903
 0 1114
 0 1298
 0 1393
 0 1397
 5
 0 902
 0 1024
 0 1080
 0 1083
 0 1394
 8
 0 901
 0 905
 0 1021
 0 1025
 0 1118
 0 1767
 0 1771
 0 1796
 5
 0 904
 0 1297
 0 1301
 0 1334
 0 1794
 6
 0 906
 0 909
 0 1374
 0 1377
 0 1486
 0 1683
 6
 0 908
 0 913
 0 917
 0 1378
 0 1410
 0 1413
 6
 0 907
 0 911
 0 914
 0 1002
 0 1005
 0 1364
 6
 0 910
 0 1362
 0 1365
 0 1496
 0 1499
 0 1685
 5
 0 912
 0 915
 0 920
 0 1004
 0 1474
 5
 0 916
 0 919
 0 923
 0 1342
 0 1414
 7
 0 918
 0 921
 0 926
 0 1278
 0 1281
 0 1470
 0 1473
 7
 0 922
 0 925
 0 929
 0 1339
 0 1343
 0 1344
 0 1347
 5
 0 924
 0 927
 0 1280
 0 1598
 0 1777
 5
 0 928
 0 1348
 0 1501
 0 1758
 0 1776
 7
 0 930
 0 933
 0 1321
 0 1325
 0 1369
 0 1373
 0 1436
 6
 0 932
 0 1294
 0 1322
 0 1543
 0 1695
 0 1715
 7
 0 931
 0 935
 0 1404
 0 1407
 0 1541
 0 1560
 0 1696
 5
 0 934
 0 1098
 0 1101
 0 1372
 0 1408
 7
 0 936
 0 939
 0 966
 0 969
 0 974
 0 1056
 0 1059
 5
 0 938
 0 970
 0 1548
 0 1568
 0 1638
 6
 0 942
 0 945
 0 1102
 0 1368
 0 1371
 0 1430
 5
 0 944
 0 1066
 0 1099
 0 1103
 0 1132
 6
 0 47
 0 530
 0 532
 0 946
 0 1429
 0 1433
 7
 0 948
 0 951
 0 978
 0 981
 0 1604
 0 1609
 0 1736
 5
 0 950
 0 982
 0 1571
 0 1741
 0 1782
 7
 0 949
 0 953
 0 967
 0 971
 0 1240
 0 1550
 0 1783
 5
 0 952
 0 1237
 0 1241
 0 1603
 0 1632
 5
 0 954
 0 957
 0 1030
 0 1768
 0 1770
 8
 0 56
 0 58
 0 428
 0 430
 0 955
 0 959
 0 1327
 0 1331
 6
 0 958
 0 1328
 0 1333
 0 1337
 0 1772
 0 1795
 7
 0 960
 0 963
 0 1160
 0 1242
 0 1245
 0 1314
 0 1317
 5
 0 962
 0 1206
 0 1209
 0 1246
 0 1264
 5
 0 961
 0 965
 0 1136
 0 1210
 0 1599
 5
 0 964
 0 1316
 0 1399
 0 1403
 0 1600
 7
 0 968
 0 972
 0 975
 0 1236
 0 1239
 0 1555
 0 1607
 7
 0 973
 0 977
 0 1060
 0 1062
 0 1065
 0 1129
 0 1133
 4
 0 976
 0 1130
 0 1554
 0 1671
 5
 0 980
 0 1312
 0 1678
 0 1734
 0 1793
 7
 0 979
 0 983
 0 1309
 0 1313
 0 1612
 0 1740
 0 1787
 6
 0 984
 0 987
 0 1070
 0 1651
 0 1688
 0 1763
 5
 0 986
 0 994
 0 1647
 0 1652
 0 1664
 9
 0 985
 0 989
 0 998
 0 1648
 0 1666
 0 1670
 0 1698
 0 1705
 0 1719
 7
 0 988
 0 1069
 0 1073
 0 1592
 0 1654
 0 1659
 0 1667
 6
 0 990
 0 993
 0 1577
 0 1662
 0 1681
 0 1691
 7
 0 992
 0 1387
 0 1391
 0 1536
 0 1563
 0 1689
 0 1781
 7
 0 991
 0 995
 0 997
 0 1001
 0 1010
 0 1564
 0 1649
 5
 0 996
 0 999
 0 1274
 0 1704
 0 1726
 5
 0 1000
 0 1008
 0 1011
 0 1016
 0 1725
 7
 0 1003
 0 1007
 0 1226
 0 1302
 0 1305
 0 1471
 0 1475
 6
 0 1006
 0 1112
 0 1224
 0 1227
 0 1363
 0 1367
 8
 0 110
 0 112
 0 487
 0 664
 0 1009
 0 1013
 0 1388
 0 1565
 6
 0 113
 0 116
 0 118
 0 1012
 0 1015
 0 1019
 8
 0 1014
 0 1017
 0 1044
 0 1047
 0 1192
 0 1273
 0 1277
 0 1727
 7
 0 1020
 0 1023
 0 1084
 0 1290
 0 1293
 0 1320
 0 1323
 6
 0 1022
 0 1117
 0 1121
 0 1324
 0 1434
 0 1437
 6
 0 1026
 0 1029
 0 1116
 0 1119
 0 1384
 0 1769
 8
 0 1032
 0 1035
 0 1171
 0 1175
 0 1416
 0 1419
 0 1453
 0 1457
 6
 0 1034
 0 1426
 0 1454
 0 1746
 0 1756
 0 1764
 7
 0 1033
 0 1037
 0 1676
 0 1693
 0 1745
 0 1749
 0 1765
 4
 0 1036
 0 1418
 0 1515
 0 1743
 6
 0 1038
 0 1041
 0 1198
 0 1258
 0 1459
 0 1463
 6
 0 1040
 0 1068
 0 1071
 0 1195
 0 1199
 0 1762
 6
 0 1039
 0 1043
 0 1072
 0 1356
 0 1359
 0 1590
 5
 0 1042
 0 1170
 0 1173
 0 1360
 0 1462
 7
 0 1048
 0 1051
 0 1055
 0 1188
 0 1191
 0 1218
 0 1221
 6
 0 150
 0 153
 0 684
 0 1050
 0 1053
 0 1584
 6
 0 1052
 0 1220
 0 1585
 0 1621
 0 1643
 0 1709
 6
 0 158
 0 160
 0 163
 0 1057
 0 1061
 0 1064
 8
 0 1074
 0 1077
 0 1092
 0 1095
 0 1350
 0 1353
 0 1488
 0 1491
 5
 0 1076
 0 1081
 0 1085
 0 1292
 0 1354
 7
 0 1075
 0 1079
 0 1082
 0 1087
 0 1091
 0 1392
 0 1395
 4
 0 1078
 0 1088
 0 1094
 0 1148
 7
 0 1086
 0 1089
 0 1147
 0 1151
 0 1225
 0 1229
 0 1306
 5
 0 1090
 0 1111
 0 1115
 0 1228
 0 1396
 7
 0 1093
 0 1097
 0 1146
 0 1149
 0 1230
 0 1233
 0 1256
 5
 0 1096
 0 1254
 0 1257
 0 1460
 0 1490
 7
 0 1100
 0 1128
 0 1131
 0 1405
 0 1409
 0 1552
 0 1673
 5
 0 1106
 0 1120
 0 1380
 0 1383
 0 1438
 7
 0 1105
 0 1109
 0 1370
 0 1428
 0 1431
 0 1435
 0 1439
 4
 0 209
 0 533
 0 1108
 0 1432
 6
 0 1110
 0 1113
 0 1296
 0 1299
 0 1366
 0 1495
 7
 0 1122
 0 1125
 0 1140
 0 1143
 0 1231
 0 1235
 0 1286
 7
 0 1124
 0 1284
 0 1287
 0 1682
 0 1690
 0 1774
 0 1780
 7
 0 1123
 0 1127
 0 1196
 0 1575
 0 1680
 0 1687
 0 1761
 6
 0 1126
 0 1194
 0 1197
 0 1234
 0 1255
 0 1259
 6
 0 1134
 0 1137
 0 1182
 0 1185
 0 1402
 0 1601
 7
 0 1135
 0 1139
 0 1207
 0 1211
 0 1613
 0 1786
 0 1797
 6
 0 1138
 0 1165
 0 1169
 0 1184
 0 1788
 0 1798
 5
 0 1142
 0 1150
 0 1232
 0 1303
 0 1307
 5
 0 1141
 0 1145
 0 1282
 0 1304
 0 1472
 7
 0 1144
 0 1279
 0 1283
 0 1285
 0 1289
 0 1596
 0 1754
 8
 0 252
 0 255
 0 368
 0 370
 0 1152
 0 1155
 0 1267
 0 1271
 4
 0 1154
 0 1162
 0 1202
 0 1268
 7
 0 1153
 0 1157
 0 1200
 0 1203
 0 1622
 0 1635
 0 1708
 4
 0 257
 0 737
 0 1156
 0 1636
 7
 0 1158
 0 1161
 0 1244
 0 1266
 0 1269
 0 1441
 0 1445
 6
 0 1159
 0 1163
 0 1180
 0 1201
 0 1205
 0 1318
 7
 0 1164
 0 1167
 0 1424
 0 1465
 0 1469
 0 1701
 0 1712
 6
 0 1166
 0 1183
 0 1187
 0 1249
 0 1253
 0 1702
 5
 0 1168
 0 1423
 0 1427
 0 1748
 0 1789
 5
 0 1172
 0 1357
 0 1361
 0 1456
 0 1629
 6
 0 1174
 0 1420
 0 1458
 0 1461
 0 1489
 0 1493
 6
 0 1176
 0 1179
 0 1216
 0 1315
 0 1319
 0 1400
 6
 0 1178
 0 1213
 0 1217
 0 1219
 0 1223
 0 1641
 5
 0 1177
 0 1181
 0 1204
 0 1642
 0 1707
 6
 0 1186
 0 1212
 0 1215
 0 1250
 0 1398
 0 1401
 5
 0 1190
 0 1214
 0 1222
 0 1248
 0 1251
 7
 0 1189
 0 1193
 0 1252
 0 1276
 0 1703
 0 1710
 0 1724
 6
 0 1208
 0 1261
 0 1265
 0 1570
 0 1742
 0 1785
 4
 0 1238
 0 1605
 0 1634
 0 1739
 7
 0 1243
 0 1247
 0 1260
 0 1263
 0 1442
 0 1447
 0 1451
 6
 0 1262
 0 1448
 0 1549
 0 1567
 0 1569
 0 1784
 4
 0 371
 0 545
 0 1270
 0 1444
 5
 0 1272
 0 1275
 0 1706
 0 1721
 0 1722
 3
 0 1288
 0 1752
 0 1773
 7
 0 1291
 0 1295
 0 1351
 0 1355
 0 1542
 0 1547
 0 1717
 6
 0 1300
 0 1332
 0 1335
 0 1494
 0 1498
 0 1580
 6
 0 1308
 0 1311
 0 1675
 0 1757
 0 1766
 0 1791
 6
 0 1310
 0 1611
 0 1747
 0 1755
 0 1790
 0 1799
 6
 0 1326
 0 1329
 0 1336
 0 1476
 0 1479
 0 1579
 6
 0 446
 0 448
 0 859
 0 1345
 0 1349
 0 1760
 7
 0 1352
 0 1417
 0 1421
 0 1492
 0 1516
 0 1716
 0 1733
 9
 0 1358
 0 1464
 0 1467
 0 1591
 0 1631
 0 1655
 0 1657
 0 1669
 0 1699
 6
 0 475
 0 584
 0 586
 0 1376
 0 1483
 0 1487
 6
 0 476
 0 478
 0 511
 0 1375
 0 1379
 0 1412
 2
 0 1390
 0 1537
 5
 0 1406
 0 1531
 0 1535
 0 1551
 0 1561
 6
 0 1422
 0 1425
 0 1452
 0 1455
 0 1468
 0 1630
 6
 0 540
 0 543
 0 551
 0 1440
 0 1443
 0 1450
 8
 0 546
 0 549
 0 666
 0 739
 0 1446
 0 1449
 0 1566
 0 1640
 5
 0 1466
 0 1700
 0 1711
 0 1720
 0 1723
 6
 0 578
 0 580
 0 583
 0 1477
 0 1481
 0 1484
 6
 0 1480
 0 1482
 0 1485
 0 1497
 0 1578
 0 1684
 4
 0 1502
 0 1597
 0 1753
 0 1778
 4
 0 1503
 0 1507
 0 1524
 0 1617
 11
 0 1505
 0 1508
 0 1511
 0 1559
 0 1572
 0 1583
 0 1589
 0 1595
 0 1625
 0 1628
 0 1646
 5
 0 1504
 0 1521
 0 1526
 0 1573
 0 1615
 5
 0 1506
 0 1512
 0 1527
 0 1618
 0 1627
 5
 0 1509
 0 1544
 0 1545
 0 1588
 0 1714
 5
 0 1510
 0 1540
 0 1557
 0 1697
 0 1713
 8
 0 1514
 0 1528
 0 1532
 0 1553
 0 1556
 0 1606
 0 1672
 0 1738
 5
 0 1513
 0 1530
 0 1533
 0 1582
 0 1626
 6
 0 1517
 0 1624
 0 1644
 0 1694
 0 1732
 0 1744
 5
 0 1518
 0 1523
 0 1574
 0 1593
 0 1729
 5
 0 1520
 0 1594
 0 1623
 0 1692
 0 1750
 6
 0 1519
 0 1674
 0 1679
 0 1728
 0 1751
 0 1792
 6
 0 1522
 0 1610
 0 1614
 0 1677
 0 1730
 0 1735
 8
 0 1525
 0 1529
 0 1602
 0 1608
 0 1616
 0 1619
 0 1633
 0 1737
 5
 0 1534
 0 1539
 0 1558
 0 1562
 0 1581
 3
 0 1538
 0 1775
 0 1779
 5
 0 1546
 0 1587
 0 1645
 0 1718
 0 1731
 4
 0 1576
 0 1650
 0 1663
 0 1686
 6
 0 685
 0 720
 0 736
 0 1586
 0 1620
 0 1637
 3
 0 1653
 0 1656
 0 1660
 4
 0 1658
 0 1661
 0 1665
 0 1668
 5
 2 1112
 2 1113
 2 1174
 2 1195
 2 1447
 5
 2 1111
 2 1132
 2 1448
 2 1449
 2 1529
 10
 2 1110
 2 1115
 2 1128
 2 1133
 2 1254
 2 1259
 2 1386
 2 1391
 2 1494
 2 1545
 5
 2 1114
 2 1194
 2 1199
 2 1255
 2 1264
 10
 2 1118
 2 1119
 2 1256
 2 1257
 2 1262
 2 1263
 2 1576
 2 1578
 2 1585
 2 1587
 4
 2 1117
 2 1258
 2 1291
 2 1495
 7
 2 1116
 2 1121
 2 1292
 2 1293
 2 1342
 2 1606
 2 1619
 5
 2 1120
 2 1315
 2 1338
 2 1343
 2 1589
 8
 2 1124
 2 1125
 2 1160
 2 1161
 2 1806
 2 1810
 2 1812
 2 1816
 4
 2 1123
 2 1559
 2 1628
 2 1811
 5
 2 1122
 2 1127
 2 1508
 2 1557
 2 1616
 6
 2 1126
 2 1159
 2 1470
 2 1475
 2 1506
 2 1510
 9
 2 1130
 2 1131
 2 1525
 2 1527
 2 1782
 2 1786
 2 1800
 2 1804
 2 1834
 5
 2 1129
 2 1390
 2 1689
 2 1693
 2 1835
 6
 2 1136
 2 1137
 2 1180
 2 1237
 2 1472
 2 1473
 6
 2 1135
 2 1148
 2 1149
 2 1216
 2 1238
 2 1239
 7
 2 1134
 2 1139
 2 1212
 2 1217
 2 1224
 2 1229
 2 1231
 5
 2 1138
 2 1158
 2 1163
 2 1225
 2 1471
 6
 2 1142
 2 1143
 2 1535
 2 1727
 2 1731
 2 1735
 6
 2 1141
 2 1146
 2 1151
 2 1165
 2 1533
 2 1537
 6
 2 1140
 2 1145
 2 1147
 2 1240
 2 1268
 2 1269
 5
 2 1144
 2 1270
 2 1721
 2 1726
 2 1728
 6
 2 1150
 2 1166
 2 1167
 2 1214
 2 1215
 2 1396
 6
 2 1154
 2 1155
 2 1234
 2 1824
 2 1828
 2 1832
 6
 2 1153
 2 1213
 2 1230
 2 1235
 2 1392
 2 1397
 4
 2 1152
 2 1157
 2 1393
 2 1532
 6
 2 1156
 2 1520
 2 1530
 2 1732
 2 1734
 2 1831
 5
 2 1162
 2 1226
 2 1227
 2 1814
 2 1823
 4
 2 1164
 2 1169
 2 1512
 2 1538
 6
 2 1168
 2 1394
 2 1395
 2 1513
 2 1519
 2 1531
 8
 2 1172
 2 1173
 2 1196
 2 1197
 2 1789
 2 1791
 2 1794
 2 1798
 3
 2 1171
 2 1593
 2 1799
 6
 2 1170
 2 1175
 2 1446
 2 1451
 2 1553
 2 1594
 5
 2 1178
 2 1179
 2 1474
 2 1511
 2 1620
 5
 2 1177
 2 1562
 2 1573
 2 1592
 2 1621
 10
 2 1176
 2 1181
 2 1236
 2 1241
 2 1267
 2 1272
 2 1277
 2 1286
 2 1287
 2 1590
 6
 2 1184
 2 1185
 2 1279
 2 1737
 2 1741
 2 1745
 6
 2 1183
 2 1280
 2 1281
 2 1399
 2 1434
 2 1439
 4
 2 1182
 2 1187
 2 1435
 2 1521
 5
 2 1186
 2 1499
 2 1522
 2 1744
 2 1746
 7
 2 1190
 2 1191
 2 1558
 2 1615
 2 1626
 2 1630
 2 1634
 3
 2 1189
 2 1632
 2 1636
 4
 2 1188
 2 1193
 2 1318
 2 1490
 8
 2 1192
 2 1488
 2 1507
 2 1509
 2 1561
 2 1563
 2 1614
 2 1622
 6
 2 1198
 2 1260
 2 1265
 2 1650
 2 1653
 2 1793
 5
 2 1202
 2 1203
 2 1406
 2 1407
 2 1432
 4
 2 1201
 2 1408
 2 1410
 2 1415
 6
 2 1200
 2 1205
 2 1411
 2 1442
 2 1443
 2 1465
 6
 2 1204
 2 1210
 2 1430
 2 1431
 2 1466
 2 1467
 6
 2 1208
 2 1209
 2 1454
 2 1455
 2 1468
 2 1556
 6
 2 1207
 2 1426
 2 1458
 2 1463
 2 1549
 2 1554
 6
 2 1206
 2 1211
 2 1429
 2 1459
 2 1608
 2 1612
 7
 2 1220
 2 1221
 2 1244
 2 1245
 2 1400
 2 1401
 2 1438
 5
 2 1219
 2 1246
 2 1297
 2 1566
 2 1570
 4
 2 1218
 2 1223
 2 1571
 2 1581
 6
 2 1222
 2 1436
 2 1437
 2 1498
 2 1523
 2 1582
 6
 2 1228
 2 1232
 2 1233
 2 1818
 2 1822
 2 1829
 6
 2 1243
 2 1274
 2 1275
 2 1304
 2 1305
 2 1402
 6
 2 1242
 2 1247
 2 1296
 2 1301
 2 1306
 2 1321
 6
 2 1250
 2 1251
 2 1354
 2 1360
 2 1370
 2 1371
 6
 2 1249
 2 1332
 2 1337
 2 1348
 2 1356
 2 1361
 10
 2 1248
 2 1253
 2 1302
 2 1307
 2 1320
 2 1325
 2 1344
 2 1349
 2 1540
 2 1544
 6
 2 1252
 2 1352
 2 1353
 2 1542
 2 1607
 2 1618
 6
 2 1261
 2 1577
 2 1638
 2 1642
 2 1644
 2 1652
 9
 2 1266
 2 1271
 2 1288
 2 1486
 2 1671
 2 1713
 2 1717
 2 1720
 2 1722
 5
 2 1273
 2 1282
 2 1285
 2 1398
 2 1403
 5
 2 1276
 2 1303
 2 1539
 2 1574
 2 1591
 6
 2 1278
 2 1283
 2 1284
 2 1289
 2 1715
 2 1742
 7
 2 1290
 2 1295
 2 1456
 2 1496
 2 1546
 2 1548
 2 1555
 9
 2 1294
 2 1351
 2 1380
 2 1385
 2 1416
 2 1421
 2 1452
 2 1457
 2 1605
 6
 2 1298
 2 1299
 2 1568
 2 1739
 2 1743
 2 1747
 7
 2 1300
 2 1322
 2 1323
 2 1714
 2 1716
 2 1738
 2 1740
 6
 2 1310
 2 1311
 2 1334
 2 1335
 2 1751
 2 1757
 5
 2 1309
 2 1336
 2 1357
 2 1362
 2 1367
 4
 2 1308
 2 1313
 2 1363
 2 1491
 5
 2 1312
 2 1492
 2 1502
 2 1756
 2 1758
 4
 2 1316
 2 1317
 2 1584
 2 1588
 5
 2 1314
 2 1319
 2 1339
 2 1489
 2 1565
 8
 2 1324
 2 1345
 2 1673
 2 1675
 2 1677
 2 1707
 2 1711
 2 1718
 6
 2 1328
 2 1329
 2 1358
 2 1359
 2 1366
 2 1372
 6
 2 1327
 2 1368
 2 1373
 2 1375
 2 1596
 2 1600
 4
 2 1326
 2 1331
 2 1515
 2 1601
 6
 2 1330
 2 1364
 2 1365
 2 1493
 2 1501
 2 1516
 6
 2 1333
 2 1346
 2 1347
 2 1709
 2 1749
 2 1753
 8
 2 1340
 2 1341
 2 1541
 2 1543
 2 1560
 2 1564
 2 1572
 2 1617
 6
 2 1350
 2 1355
 2 1369
 2 1374
 2 1379
 2 1381
 7
 2 1376
 2 1377
 2 1598
 2 1750
 2 1752
 2 1755
 2 1759
 6
 2 1378
 2 1382
 2 1383
 2 1708
 2 1710
 2 1754
 7
 2 1384
 2 1417
 2 1679
 2 1680
 2 1687
 2 1703
 2 1712
 6
 2 1388
 2 1389
 2 1423
 2 1694
 2 1696
 2 1698
 5
 2 1387
 2 1424
 2 1425
 2 1547
 2 1550
 5
 2 1405
 2 1428
 2 1433
 2 1604
 2 1613
 6
 2 1404
 2 1409
 2 1414
 2 1602
 2 1774
 2 1776
 6
 2 1412
 2 1413
 2 1441
 2 1762
 2 1764
 2 1775
 7
 2 1418
 2 1419
 2 1440
 2 1445
 2 1702
 2 1704
 2 1763
 5
 2 1420
 2 1444
 2 1453
 2 1464
 2 1469
 6
 2 1422
 2 1427
 2 1462
 2 1697
 2 1768
 2 1770
 5
 2 1450
 2 1504
 2 1524
 2 1528
 2 1551
 5
 2 1460
 2 1461
 2 1610
 2 1769
 2 1779
 7
 2 1478
 2 1479
 2 1484
 2 1485
 2 1669
 2 1672
 2 1676
 6
 2 1477
 2 1625
 2 1647
 2 1662
 2 1665
 2 1670
 7
 2 1476
 2 1481
 2 1623
 2 1627
 2 1629
 2 1807
 2 1809
 4
 2 1480
 2 1483
 2 1808
 2 1817
 7
 2 1482
 2 1487
 2 1724
 2 1813
 2 1815
 2 1819
 2 1821
 7
 4 230
 4 231
 4 272
 4 273
 4 294
 4 299
 4 389
 5
 4 229
 4 295
 4 320
 4 321
 4 410
 7
 4 228
 4 233
 4 362
 4 384
 4 407
 4 408
 4 425
 4
 4 232
 4 235
 4 385
 4 388
 3
 4 360
 4 419
 4 424
 4
 4 361
 4 365
 4 403
 4 405
 5
 4 236
 4 237
 4 271
 4 387
 4 413
 8
 4 234
 4 239
 4 349
 4 351
 4 386
 4 415
 4 417
 4 423
 4
 4 238
 4 350
 4 427
 4 429
 4
 4 242
 4 243
 4 367
 4 369
 2
 4 241
 4 436
 9
 4 240
 4 245
 4 324
 4 329
 4 334
 4 336
 4 395
 4 401
 4 437
 4
 4 244
 4 337
 4 371
 4 432
 10
 4 248
 4 249
 4 354
 4 358
 4 374
 4 375
 4 379
 4 420
 4 450
 4 455
 4
 4 247
 4 310
 4 339
 4 355
 3
 4 246
 4 251
 4 342
 5
 4 250
 4 343
 4 444
 4 449
 4 454
 10
 4 26
 4 27
 4 98
 4 99
 4 155
 4 254
 4 255
 4 326
 4 327
 4 382
 3
 4 253
 4 259
 4 383
 3
 4 252
 4 257
 4 363
 6
 4 256
 4 325
 4 364
 4 396
 4 400
 4 404
 2
 4 260
 4 261
 6
 4 30
 4 35
 4 153
 4 258
 4 263
 4 381
 2
 4 31
 4 262
 6
 4 266
 4 267
 4 270
 4 275
 4 292
 4 411
 7
 4 265
 4 284
 4 285
 4 288
 4 293
 4 314
 4 315
 5
 4 264
 4 269
 4 280
 4 286
 4 307
 5
 4 268
 4 274
 4 276
 4 281
 4 298
 7
 4 278
 4 279
 4 300
 4 305
 4 308
 4 309
 4 340
 5
 4 277
 4 296
 4 297
 4 301
 4 319
 2
 4 283
 4 316
 4
 4 282
 4 287
 4 306
 4 311
 3
 4 290
 4 291
 4 412
 2
 4 289
 4 313
 8
 4 302
 4 303
 4 318
 4 323
 4 390
 4 394
 4 397
 4 399
 5
 4 304
 4 341
 4 356
 4 359
 4 392
 2
 4 312
 4 317
 5
 4 322
 4 398
 4 402
 4 406
 4 409
 6
 4 97
 4 102
 4 107
 4 328
 4 330
 4 335
 3
 4 332
 4 333
 4 435
 6
 0 600
 0 860
 4 106
 0 1500
 0 1759
 4 331
 5
 2 1497
 2 1567
 2 1569
 2 1583
 2 1748
 5
 2 1500
 2 1517
 2 1597
 2 1599
 2 1760
 7
 2 1503
 2 1552
 2 1595
 2 1795
 2 1797
 2 1801
 2 1803
 3
 2 1505
 2 1526
 2 1802
 5
 2 1514
 2 1518
 2 1534
 2 1536
 2 1736
 3
 2 1575
 2 1579
 2 1640
 2
 2 1580
 2 1586
 5
 2 1603
 2 1609
 2 1611
 2 1778
 2 1780
 7
 2 1624
 2 1631
 2 1633
 2 1635
 2 1643
 2 1646
 2 1648
 3
 2 1637
 2 1639
 2 1641
 7
 2 1645
 2 1649
 2 1651
 2 1655
 2 1657
 2 1661
 2 1663
 6
 2 1654
 2 1658
 2 1783
 2 1785
 2 1788
 2 1792
 8
 2 1656
 2 1659
 2 1682
 2 1683
 2 1688
 2 1691
 2 1787
 2 1833
 4
 2 1660
 2 1664
 2 1666
 2 1685
 6
 2 1667
 2 1668
 2 1674
 2 1678
 2 1681
 2 1684
 6
 2 1686
 2 1690
 2 1692
 2 1700
 2 1701
 2 1705
 6
 2 1695
 2 1699
 2 1706
 2 1761
 2 1765
 2 1772
 6
 2 1719
 2 1723
 2 1730
 2 1820
 2 1825
 2 1827
 5
 2 1725
 2 1729
 2 1733
 2 1826
 2 1830
 6
 2 1766
 2 1767
 2 1771
 2 1773
 2 1777
 2 1781
 4
 2 1784
 2 1790
 2 1796
 2 1805
 6
 4 338
 4 357
 4 380
 4 391
 4 393
 4 434
 2
 4 344
 4 448
 1
 4 346
 2
 4 345
 4 428
 3
 4 347
 4 426
 4 430
 3
 4 348
 4 352
 4 431
 2
 4 353
 4 416
 6
 4 366
 4 370
 4 376
 4 378
 4 433
 4 442
 3
 4 368
 4 438
 4 443
 2
 4 414
 4 418
 4
 4 148
 4 194
 4 373
 4 421
 8
 4 144
 4 149
 4 212
 4 213
 4 372
 4 377
 4 440
 4 441
 4
 4 193
 4 226
 4 422
 4 451
 7
 1 947
 1 948
 1 991
 1 1061
 1 1062
 1 1301
 1 1302
 6
 1 946
 1 977
 1 978
 1 1063
 1 1067
 1 1068
 5
 1 945
 1 950
 1 979
 1 1294
 1 1312
 6
 1 949
 1 953
 1 954
 1 1295
 1 1296
 1 1300
 5
 1 952
 1 961
 1 1297
 1 1656
 1 1849
 6
 1 951
 1 956
 1 957
 1 962
 1 1021
 1 1024
 6
 1 955
 1 1017
 1 1022
 1 1299
 1 1304
 1 1321
 6
 1 959
 1 960
 1 1626
 1 1631
 1 1636
 1 1657
 6
 1 958
 1 1023
 1 1028
 1 1632
 1 1637
 1 1639
 6
 1 965
 1 966
 1 1119
 1 1124
 1 1129
 1 1228
 5
 1 964
 1 1009
 1 1125
 1 1130
 1 1135
 7
 1 963
 1 968
 1 1005
 1 1010
 1 1173
 1 1178
 1 1180
 4
 1 967
 1 1087
 1 1123
 1 1174
 6
 1 26
 1 27
 1 256
 1 971
 1 972
 1 1198
 5
 1 970
 1 982
 1 1199
 1 1200
 1 1315
 7
 1 969
 1 974
 1 975
 1 980
 1 1306
 1 1311
 1 1316
 6
 1 25
 1 362
 1 363
 1 973
 1 1307
 1 1308
 6
 1 976
 1 1069
 1 1097
 1 1098
 1 1305
 1 1310
 8
 1 983
 1 984
 1 1293
 1 1298
 1 1313
 1 1314
 1 1847
 1 1848
 6
 1 981
 1 986
 1 1201
 1 1614
 1 1619
 1 1624
 5
 1 985
 1 1620
 1 1625
 1 1846
 1 1855
 6
 1 989
 1 990
 1 1048
 1 1303
 1 1322
 1 1323
 6
 1 988
 1 1013
 1 1014
 1 1049
 1 1050
 1 1192
 8
 1 987
 1 992
 1 1060
 1 1071
 1 1076
 1 1193
 1 1194
 1 1660
 7
 1 995
 1 996
 1 1053
 1 1058
 1 1216
 1 1862
 1 1863
 6
 1 994
 1 1041
 1 1046
 1 1209
 1 1214
 1 1864
 7
 1 993
 1 998
 1 1011
 1 1016
 1 1042
 1 1673
 1 1676
 4
 1 997
 1 1012
 1 1051
 1 1057
 7
 1 1001
 1 1002
 1 1047
 1 1052
 1 1055
 1 1056
 1 1324
 6
 1 1000
 1 1018
 1 1319
 1 1320
 1 1325
 1 1858
 7
 1 999
 1 1004
 1 1029
 1 1034
 1 1859
 1 1880
 1 1888
 5
 1 1003
 1 1030
 1 1054
 1 1215
 1 1220
 6
 1 1007
 1 1008
 1 1039
 1 1131
 1 1136
 1 1141
 6
 1 1006
 1 1035
 1 1040
 1 1179
 1 1184
 1 1669
 6
 1 1015
 1 1108
 1 1114
 1 1191
 1 1196
 1 1674
 7
 1 1019
 1 1020
 1 1025
 1 1026
 1 1318
 1 1652
 1 1653
 5
 1 1027
 1 1640
 1 1641
 1 1648
 1 1651
 8
 1 1037
 1 1038
 1 1043
 1 1044
 1 1137
 1 1142
 1 1665
 1 1672
 6
 1 1036
 1 1045
 1 1203
 1 1208
 1 1210
 1 1668
 6
 1 1059
 1 1064
 1 1066
 1 1072
 1 1077
 1 1082
 6
 1 1065
 1 1070
 1 1078
 1 1091
 1 1092
 1 1096
 6
 1 1073
 1 1074
 1 1081
 1 1185
 1 1190
 1 1685
 5
 1 1075
 1 1168
 1 1189
 1 1661
 1 1682
 7
 1 1079
 1 1080
 1 1090
 1 1221
 1 1226
 1 1662
 1 1683
 7
 1 1085
 1 1086
 1 1175
 1 1176
 1 1241
 1 1242
 1 1252
 4
 1 1084
 1 1102
 1 1243
 1 1245
 9
 1 1083
 1 1088
 1 1103
 1 1104
 1 1121
 1 1122
 1 1169
 1 1170
 1 1681
 6
 1 144
 1 149
 1 280
 1 1089
 1 1094
 1 1222
 6
 1 145
 1 150
 1 155
 1 1093
 1 1095
 1 1100
 4
 1 151
 1 361
 1 1099
 1 1309
 8
 1 1101
 1 1106
 1 1225
 1 1246
 1 1260
 1 1663
 1 1679
 1 1836
 5
 1 1105
 1 1187
 1 1188
 1 1677
 1 1680
 8
 1 1109
 1 1110
 1 1113
 1 1118
 1 1275
 1 1280
 1 1283
 1 1284
 6
 1 1107
 1 1112
 1 1291
 1 1666
 1 1671
 1 1675
 5
 1 1111
 1 1162
 1 1282
 1 1287
 1 1292
 7
 1 1115
 1 1116
 1 1167
 1 1172
 1 1195
 1 1234
 1 1659
 5
 1 1117
 1 1233
 1 1238
 1 1270
 1 1276
 6
 1 1120
 1 1171
 1 1227
 1 1232
 1 1235
 1 1236
 7
 1 1127
 1 1128
 1 1144
 1 1229
 1 1230
 1 1265
 1 1266
 7
 1 1126
 1 1133
 1 1134
 1 1145
 1 1146
 1 1149
 1 1154
 7
 1 1132
 1 1139
 1 1140
 1 1150
 1 1155
 1 1160
 1 1687
 5
 1 1138
 1 1289
 1 1290
 1 1667
 1 1688
 6
 1 1143
 1 1148
 1 1267
 1 1328
 1 1329
 1 1360
 5
 1 1147
 1 1153
 1 1330
 1 1334
 1 1335
 6
 1 1151
 1 1152
 1 1159
 1 1336
 1 1340
 1 1341
 6
 1 1157
 1 1158
 1 1165
 1 1342
 1 1346
 1 1347
 5
 1 1156
 1 1161
 1 1166
 1 1288
 1 1686
 7
 1 1163
 1 1164
 1 1281
 1 1286
 1 1348
 1 1352
 1 1353
 7
 1 1177
 1 1181
 1 1182
 1 1250
 1 1251
 1 1254
 1 1259
 5
 1 1183
 1 1204
 1 1258
 1 1670
 1 1876
 4
 1 1186
 1 1664
 1 1678
 1 1684
 6
 1 252
 1 257
 1 670
 1 1197
 1 1202
 1 1618
 6
 1 259
 1 266
 1 267
 1 1207
 1 1211
 1 1212
 6
 1 265
 1 915
 1 920
 1 1213
 1 1860
 1 1865
 6
 1 278
 1 279
 1 893
 1 1223
 1 1224
 1 1837
 5
 1 1231
 1 1237
 1 1264
 1 1271
 1 1272
 6
 1 1240
 1 1248
 1 1253
 1 1786
 1 1793
 1 1794
 6
 1 1239
 1 1244
 1 1247
 1 1262
 1 1787
 1 1788
 5
 1 1249
 1 1255
 1 1792
 1 1799
 1 1800
 7
 1 1256
 1 1257
 1 1798
 1 1803
 1 1808
 1 1872
 1 1877
 2
 1 1261
 1 1838
 6
 1 1263
 1 1268
 1 1273
 1 1358
 1 1359
 1 1366
 7
 1 1269
 1 1274
 1 1277
 1 1278
 1 1364
 1 1365
 1 1372
 5
 1 1279
 1 1285
 1 1354
 1 1370
 1 1371
 7
 1 1317
 1 1654
 1 1857
 1 1867
 1 1883
 1 1886
 1 1887
 6
 1 1327
 1 1356
 1 1361
 1 1696
 1 1703
 1 1704
 7
 1 1326
 1 1331
 1 1333
 1 1691
 1 1692
 1 1697
 1 1698
 6
 1 1332
 1 1337
 1 1339
 1 1693
 1 1733
 1 1734
 6
 1 1338
 1 1343
 1 1345
 1 1727
 1 1728
 1 1735
 6
 1 1344
 1 1349
 1 1351
 1 1721
 1 1722
 1 1729
 5
 1 1350
 1 1355
 1 1369
 1 1714
 1 1723
 6
 1 1357
 1 1362
 1 1367
 1 1702
 1 1709
 1 1710
 6
 1 1363
 1 1368
 1 1373
 1 1708
 1 1715
 1 1716
 6
 1 1376
 1 1377
 1 1382
 1 1383
 1 1690
 1 1699
 6
 1 1375
 1 1406
 1 1407
 1 1695
 1 1700
 1 1705
 6
 1 1374
 1 1379
 1 1408
 1 1744
 1 1751
 1 1752
 6
 1 1378
 1 1381
 1 1739
 1 1740
 1 1745
 1 1746
 7
 1 1380
 1 1385
 1 1386
 1 1391
 1 1741
 1 1781
 1 1782
 5
 1 1384
 1 1387
 1 1689
 1 1694
 1 1732
 7
 1 1388
 1 1389
 1 1394
 1 1395
 1 1726
 1 1731
 1 1736
 5
 1 1390
 1 1393
 1 1775
 1 1776
 1 1783
 6
 1 1392
 1 1397
 1 1399
 1 1769
 1 1770
 1 1777
 6
 1 1396
 1 1400
 1 1401
 1 1720
 1 1725
 1 1730
 6
 1 1398
 1 1403
 1 1416
 1 1421
 1 1762
 1 1771
 6
 1 1402
 1 1417
 1 1713
 1 1718
 1 1719
 1 1724
 6
 1 1405
 1 1412
 1 1413
 1 1701
 1 1706
 1 1711
 6
 1 1404
 1 1409
 1 1414
 1 1750
 1 1757
 1 1758
 6
 1 1411
 1 1418
 1 1419
 1 1707
 1 1712
 1 1717
 6
 1 1410
 1 1415
 1 1420
 1 1756
 1 1763
 1 1764
 6
 1 1424
 1 1425
 1 1428
 1 1433
 1 1570
 1 1573
 6
 1 1423
 1 1454
 1 1455
 1 1566
 1 1571
 1 1612
 6
 1 1422
 1 1427
 1 1456
 1 1472
 1 1473
 1 1477
 5
 1 1426
 1 1432
 1 1478
 1 1479
 1 1486
 6
 1 1430
 1 1431
 1 1438
 1 1482
 1 1487
 1 1492
 7
 1 1429
 1 1434
 1 1439
 1 1572
 1 1577
 1 1578
 1 1583
 6
 1 1436
 1 1437
 1 1444
 1 1488
 1 1493
 1 1498
 5
 1 1435
 1 1440
 1 1445
 1 1582
 1 1585
 6
 1 1442
 1 1443
 1 1450
 1 1494
 1 1499
 1 1504
 6
 1 1441
 1 1446
 1 1451
 1 1584
 1 1589
 1 1591
 7
 1 1448
 1 1449
 1 1464
 1 1469
 1 1500
 1 1505
 1 1507
 6
 1 1447
 1 1465
 1 1590
 1 1595
 1 1596
 1 1601
 6
 1 1453
 1 1460
 1 1461
 1 1606
 1 1608
 1 1613
 6
 1 1452
 1 1457
 1 1462
 1 1471
 1 1514
 1 1515
 6
 1 1459
 1 1466
 1 1467
 1 1600
 1 1602
 1 1607
 6
 1 1458
 1 1463
 1 1468
 1 1508
 1 1509
 1 1513
 6
 1 1470
 1 1475
 1 1516
 1 1556
 1 1557
 1 1561
 6
 1 1474
 1 1476
 1 1481
 1 1519
 1 1562
 1 1563
 6
 1 1480
 1 1484
 1 1485
 1 1520
 1 1521
 1 1528
 6
 1 1483
 1 1490
 1 1491
 1 1524
 1 1529
 1 1534
 6
 1 1489
 1 1496
 1 1497
 1 1530
 1 1535
 1 1540
 6
 1 1495
 1 1502
 1 1503
 1 1536
 1 1541
 1 1546
 6
 1 1501
 1 1506
 1 1511
 1 1542
 1 1547
 1 1549
 6
 1 1510
 1 1512
 1 1517
 1 1550
 1 1551
 1 1555
 3
 1 1518
 1 1523
 1 1564
 3
 1 1522
 1 1526
 1 1527
 3
 1 1525
 1 1532
 1 1533
 3
 1 1531
 1 1538
 1 1539
 3
 1 1537
 1 1544
 1 1545
 3
 1 1543
 1 1548
 1 1553
 3
 1 1552
 1 1554
 1 1559
 3
 1 1558
 1 1560
 1 1565
 6
 1 1568
 1 1569
 1 1574
 1 1575
 1 1738
 1 1747
 6
 1 1567
 1 1610
 1 1611
 1 1743
 1 1748
 1 1753
 5
 1 1576
 1 1579
 1 1737
 1 1742
 1 1780
 7
 1 1580
 1 1581
 1 1586
 1 1587
 1 1774
 1 1779
 1 1784
 6
 1 1588
 1 1592
 1 1593
 1 1768
 1 1773
 1 1778
 6
 1 1594
 1 1597
 1 1761
 1 1766
 1 1767
 1 1772
 6
 1 1598
 1 1599
 1 1603
 1 1755
 1 1760
 1 1765
 6
 1 1604
 1 1605
 1 1609
 1 1749
 1 1754
 1 1759
 4
 1 671
 1 672
 1 1616
 1 1617
 3
 1 1615
 1 1622
 1 1623
 3
 1 1621
 1 1853
 1 1854
 3
 1 1628
 1 1629
 1 1852
 3
 1 1627
 1 1634
 1 1635
 6
 1 1630
 1 1658
 1 1845
 1 1850
 1 1851
 1 1856
 3
 1 1633
 1 1638
 1 1643
 3
 1 1642
 1 1646
 1 1647
 3
 1 1645
 1 1839
 1 1844
 7
 1 1644
 1 1649
 1 1650
 1 1655
 1 1840
 1 1866
 1 1871
 7
 1 1785
 1 1790
 1 1795
 1 1810
 1 1817
 1 1818
 1 1835
 2
 1 1789
 1 1833
 6
 1 1791
 1 1796
 1 1801
 1 1816
 1 1823
 1 1824
 6
 1 1797
 1 1802
 1 1804
 1 1822
 1 1827
 1 1832
 4
 1 859
 1 931
 1 1807
 1 1873
 6
 1 860
 1 861
 1 883
 1 1805
 1 1806
 1 1831
 3
 1 1811
 1 1812
 1 1834
 3
 1 1809
 1 1814
 1 1819
 1
 1 1813
 3
 1 1815
 1 1820
 1 1825
 3
 1 1821
 1 1826
 1 1828
 4
 1 884
 1 885
 1 1829
 1 1830
 2
 1 895
 1 1843
 7
 3 287
 3 288
 3 305
 3 306
 3 463
 3 466
 3 473
 7
 3 286
 3 371
 3 372
 3 400
 3 415
 3 464
 3 480
 5
 3 285
 3 290
 3 298
 3 334
 3 373
 5
 3 289
 3 304
 3 325
 3 335
 3 336
 6
 3 293
 3 294
 3 328
 3 359
 3 360
 3 379
 3
 3 292
 3 329
 3 330
 3
 3 291
 3 296
 3 301
 7
 3 295
 3 297
 3 302
 3 369
 3 374
 3 377
 3 378
 4
 3 299
 3 300
 3 333
 3 338
 7
 3 303
 3 308
 3 321
 3 326
 3 341
 3 342
 3 459
 5
 3 307
 3 315
 3 320
 3 343
 3 472
 7
 3 311
 3 312
 3 319
 3 339
 3 344
 3 364
 3 456
 5
 3 310
 3 340
 3 434
 3 435
 3 460
 6
 3 309
 3 314
 3 352
 3 436
 3 442
 3 493
 7
 3 313
 3 438
 3 443
 3 446
 3 447
 3 455
 3 458
 7
 3 317
 3 318
 3 346
 3 365
 3 366
 3 389
 3 390
 5
 3 316
 3 391
 3 465
 3 470
 3 471
 3
 3 323
 3 324
 3 337
 3
 3 322
 3 433
 3 461
 7
 3 327
 3 332
 3 353
 3 354
 3 361
 3 440
 3 441
 2
 3 331
 3 355
 5
 3 347
 3 348
 3 388
 3 406
 3 421
 6
 3 60
 3 65
 3 79
 3 345
 3 350
 3 367
 6
 3 61
 3 120
 3 125
 3 349
 3 405
 3 410
 3
 3 351
 3 356
 3 494
 6
 3 358
 3 375
 3 380
 3 397
 3 474
 3 484
 8
 3 357
 3 362
 3 439
 3 445
 3 451
 3 475
 3 477
 3 497
 8
 3 78
 3 83
 3 168
 3 173
 3 363
 3 368
 3 453
 3 457
 5
 3 370
 3 376
 3 395
 3 396
 3 481
 7
 3 383
 3 384
 3 387
 3 392
 3 422
 3 423
 3 469
 2
 3 382
 3 424
 3
 3 381
 3 386
 3 418
 6
 3 385
 3 414
 3 419
 3 462
 3 467
 3 468
 6
 3 394
 3 401
 3 402
 3 413
 3 482
 3 500
 5
 3 393
 3 398
 3 483
 3 487
 3 498
 4
 3 399
 3 404
 3 416
 3 417
 2
 3 403
 3 412
 4
 3 407
 3 408
 3 420
 3 425
 2
 3 121
 3 409
 5
 3 411
 3 426
 3 431
 3 486
 3 499
 6
 3 143
 3 144
 3 204
 3 428
 3 429
 3 489
 6
 3 427
 3 476
 3 485
 3 488
 3 490
 3 496
 2
 3 142
 3 430
 3
 3 432
 3 437
 3 492
 6
 3 159
 3 164
 3 194
 3 444
 3 449
 3 478
 4
 3 160
 3 170
 3 448
 3 454
 6
 3 165
 3 205
 3 210
 3 450
 3 491
 3 495
 4
 3 166
 3 193
 3 452
 3 479
 3
 3 503
 3 504
 3 541
 4
 3 502
 3 521
 3 542
 3 545
 4
 3 234
 3 239
 3 501
 3 506
 2
 3 235
 3 505
 4
 3 509
 3 510
 3 515
 3 516
 2
 3 508
 3 543
 4
 3 507
 3 512
 3 519
 3 544
 2
 3 511
 3 514
 3
 3 513
 3 518
 3 526
 3
 3 517
 3 522
 3 527
 2
 3 520
 3 540
 3
 3 524
 3 525
 3 529
 3
 3 523
 3 530
 3 531
 3
 3 528
 3 533
 3 535
 3
 3 532
 3 536
 3 537
 4
 3 267
 3 272
 3 534
 3 539
 2
 3 268
 3 538
 7
 2 1838
 2 1839
 2 1846
 2 2000
 2 2001
 2 2036
 2 2037
 7
 2 1837
 2 1842
 2 1847
 2 2046
 2 2051
 2 2155
 2 2162
 6
 2 1836
 2 1841
 2 1873
 2 2158
 2 2160
 2 2180
 5
 2 1840
 2 1874
 2 1875
 2 2035
 2 2134
 6
 2 1844
 2 1845
 2 1850
 2 1851
 2 1990
 2 2002
 5
 2 1843
 2 1986
 2 1991
 2 2005
 2 2050
 7
 2 1849
 2 1860
 2 1865
 2 1908
 2 1913
 2 1998
 2 2003
 6
 2 1848
 2 1853
 2 1855
 2 1861
 2 1866
 2 1871
 7
 2 1852
 2 1856
 2 1857
 2 1988
 2 1989
 2 1994
 2 1995
 7
 2 1854
 2 1859
 2 1867
 2 2016
 2 2021
 2 2214
 2 2217
 5
 2 1858
 2 1946
 2 1947
 2 1993
 2 2017
 6
 2 1862
 2 1863
 2 1870
 2 2168
 2 2170
 2 2182
 5
 2 1864
 2 1909
 2 2145
 2 2165
 2 2167
 7
 2 1868
 2 1869
 2 2183
 2 2185
 2 2210
 2 2212
 2 2219
 5
 2 1872
 2 1877
 2 1927
 2 2136
 2 2178
 6
 2 1876
 2 2132
 2 2133
 2 2137
 2 2143
 2 2203
 3
 2 1880
 2 1881
 2 2086
 2
 2 1879
 2 2089
 6
 2 1878
 2 1883
 2 2090
 2 2091
 2 2101
 2 2128
 7
 2 1882
 2 1944
 2 1949
 2 2084
 2 2085
 2 2102
 2 2103
 6
 2 1886
 2 1887
 2 1890
 2 1895
 2 2077
 2 2113
 6
 2 1885
 2 1918
 2 2114
 2 2115
 2 2208
 2 2211
 5
 2 1884
 2 1889
 2 1957
 2 2186
 2 2209
 6
 2 1888
 2 1894
 2 1958
 2 1959
 2 2108
 2 2109
 6
 2 1892
 2 1893
 2 2058
 2 2063
 2 2110
 2 2125
 6
 2 1891
 2 2076
 2 2081
 2 2092
 2 2126
 2 2127
 7
 2 1898
 2 1899
 2 2140
 2 2150
 2 2174
 2 2176
 2 2206
 5
 2 1897
 2 1910
 2 1911
 2 2164
 2 2177
 5
 2 1896
 2 1901
 2 1912
 2 1999
 2 2038
 6
 2 1900
 2 2034
 2 2039
 2 2130
 2 2135
 2 2139
 5
 2 1904
 2 1905
 2 2032
 2 2056
 2 2151
 6
 2 1903
 2 1962
 2 1967
 2 2028
 2 2033
 2 2189
 5
 2 1902
 2 1907
 2 1939
 2 1963
 2 2068
 6
 2 1906
 2 1940
 2 1941
 2 1975
 2 2054
 2 2055
 3
 2 1916
 2 1917
 2 2116
 3
 2 1915
 2 2198
 2 2200
 6
 2 1914
 2 1919
 2 2201
 2 2213
 2 2216
 2 2218
 7
 2 1922
 2 1923
 2 1964
 2 1965
 2 1984
 2 2066
 2 2067
 3
 2 1921
 2 1980
 2 1985
 4
 2 1920
 2 1925
 2 2040
 2 2045
 4
 2 1924
 2 1972
 2 2041
 2 2065
 4
 2 1928
 2 1929
 2 2138
 2 2142
 8
 2 1926
 2 1931
 2 1970
 2 1971
 2 2042
 2 2043
 2 2159
 2 2179
 2
 2 1930
 2 2044
 6
 2 1934
 2 1935
 2 1951
 2 1978
 2 2096
 2 2097
 5
 2 1933
 2 1942
 2 1974
 2 1979
 2 2071
 6
 2 1932
 2 1937
 2 2047
 2 2072
 2 2073
 2 2154
 7
 2 1936
 2 1950
 2 1955
 2 2006
 2 2007
 2 2048
 2 2049
 8
 2 1938
 2 1943
 2 1968
 2 1973
 2 2064
 2 2069
 2 2070
 2 2075
 5
 2 1945
 2 2018
 2 2019
 2 2083
 2 2119
 6
 2 1948
 2 1992
 2 1997
 2 2010
 2 2015
 2 2104
 6
 2 1952
 2 1953
 2 2062
 2 2095
 2 2106
 2 2111
 6
 2 1954
 2 2008
 2 2012
 2 2013
 2 2060
 2 2061
 7
 2 1956
 2 1961
 2 2022
 2 2027
 2 2171
 2 2181
 2 2184
 5
 2 1960
 2 2023
 2 2094
 2 2099
 2 2107
 8
 2 1966
 2 1982
 2 1983
 2 2149
 2 2187
 2 2190
 2 2193
 2 2207
 5
 2 1969
 2 2074
 2 2156
 2 2157
 2 2161
 6
 2 1976
 2 1977
 2 2024
 2 2025
 2 2053
 2 2098
 2
 2 1981
 2 2191
 5
 2 1987
 2 1996
 2 2004
 2 2009
 2 2011
 6
 2 2014
 2 2059
 2 2100
 2 2105
 2 2124
 2 2129
 6
 2 2020
 2 2118
 2 2123
 2 2196
 2 2199
 2 2215
 7
 2 2026
 2 2052
 2 2057
 2 2146
 2 2153
 2 2166
 2 2169
 7
 2 2030
 2 2031
 2 2147
 2 2152
 2 2163
 2 2172
 2 2175
 4
 2 2029
 2 2148
 2 2173
 2 2188
 4
 2 2078
 2 2079
 2 2112
 2 2117
 3
 2 2080
 2 2088
 2 2093
 4
 2 2082
 2 2087
 2 2120
 2 2121
 2
 2 2122
 2 2197
 5
 2 2131
 2 2141
 2 2195
 2 2204
 2 2205
 4
 2 2144
 2 2192
 2 2194
 2 2202
 4
 5 827
 5 828
 5 863
 5 864
 4
 5 826
 5 865
 5 867
 5 871
 5
 5 825
 5 830
 5 856
 5 868
 5 882
 3
 5 829
 5 857
 5 858
 3
 5 833
 5 834
 5 862
 2
 5 832
 5 838
 6
 5 831
 5 836
 5 839
 5 840
 5 874
 5 885
 5
 5 835
 5 861
 5 866
 5 870
 5 886
 3
 5 837
 5 842
 5 844
 5
 5 841
 5 845
 5 846
 5 873
 5 877
 4
 5 843
 5 848
 5 851
 5 852
 4
 5 847
 5 853
 5 876
 5 880
 2
 5 850
 5 859
 6
 5 849
 5 854
 5 855
 5 860
 5 879
 5 883
 7
 5 869
 5 872
 5 875
 5 878
 5 881
 5 884
 5 887
 6
 5 890
 5 891
 5 907
 5 1096
 5 1124
 5 1125
 6
 5 889
 5 908
 5 909
 5 1088
 5 1089
 5 1132
 6
 5 888
 5 893
 5 1080
 5 1085
 5 1090
 5 1243
 6
 5 892
 5 1081
 5 1094
 5 1095
 5 1250
 5 1251
 6
 5 896
 5 897
 5 1027
 5 1108
 5 1208
 5 1209
 7
 5 895
 5 1028
 5 1029
 5 1100
 5 1101
 5 1214
 5 1215
 6
 5 894
 5 899
 5 1064
 5 1065
 5 1102
 5 1237
 6
 5 898
 5 1066
 5 1106
 5 1107
 5 1232
 5 1233
 6
 5 902
 5 903
 5 916
 5 1120
 5 1142
 5 1143
 6
 5 901
 5 912
 5 917
 5 1112
 5 1113
 5 1138
 6
 5 900
 5 905
 5 1114
 5 1356
 5 1361
 5 1363
 6
 5 904
 5 1118
 5 1119
 5 1350
 5 1355
 5 1357
 6
 5 906
 5 911
 5 1057
 5 1126
 5 1220
 5 1221
 7
 5 910
 5 1058
 5 1059
 5 1130
 5 1131
 5 1302
 5 1307
 7
 5 914
 5 915
 5 996
 5 1001
 5 1144
 5 1182
 5 1187
 5
 5 913
 5 997
 5 1136
 5 1137
 5 1294
 6
 5 920
 5 921
 5 936
 5 941
 5 1156
 5 1165
 6
 5 919
 5 937
 5 1148
 5 1149
 5 1158
 5 1163
 5
 5 918
 5 923
 5 988
 5 1150
 5 1177
 6
 5 922
 5 984
 5 989
 5 1154
 5 1155
 5 1174
 6
 5 926
 5 927
 5 1018
 5 1034
 5 1035
 5 1625
 5
 5 925
 5 1014
 5 1019
 5 1270
 5 1613
 8
 5 924
 5 929
 5 1188
 5 1193
 5 1240
 5 1448
 5 1449
 5 1611
 6
 5 928
 5 1098
 5 1103
 5 1236
 5 1241
 5 1624
 7
 5 932
 5 933
 5 1046
 5 1047
 5 1051
 5 1608
 5 1614
 5
 5 931
 5 1002
 5 1007
 5 1048
 5 1621
 7
 5 930
 5 935
 5 1086
 5 1091
 5 1242
 5 1247
 5 1622
 5
 5 934
 5 1087
 5 1128
 5 1133
 5 1616
 6
 5 938
 5 939
 5 1162
 5 1360
 5 1364
 5 1365
 6
 5 940
 5 1166
 5 1167
 5 1354
 5 1358
 5 1359
 6
 5 944
 5 945
 5 1333
 5 1368
 5 1373
 5 1375
 7
 5 943
 5 992
 5 993
 5 1334
 5 1335
 5 1340
 5 1341
 6
 5 942
 5 947
 5 994
 5 1537
 5 1544
 5 1545
 7
 5 946
 5 1374
 5 1379
 5 1530
 5 1535
 5 1538
 5 1539
 6
 5 950
 5 951
 5 954
 5 959
 5 1324
 5 1327
 5
 5 949
 5 955
 5 1519
 5 1526
 5 1527
 6
 5 948
 5 953
 5 979
 5 1516
 5 1520
 5 1521
 6
 5 952
 5 980
 5 981
 5 1318
 5 1322
 5 1323
 5
 5 956
 5 957
 5 1378
 5 1525
 5 1531
 6
 5 958
 5 1328
 5 1329
 5 1372
 5 1376
 5 1377
 7
 5 962
 5 963
 5 1484
 5 1485
 5 1590
 5 1595
 5 1643
 5
 5 961
 5 1075
 5 1454
 5 1455
 5 1486
 6
 5 960
 5 965
 5 1380
 5 1385
 5 1456
 5 1492
 5
 5 964
 5 1488
 5 1493
 5 1588
 5 1594
 6
 5 968
 5 969
 5 976
 5 1572
 5 1577
 5 1582
 5
 5 967
 5 972
 5 977
 5 1462
 5 1468
 7
 5 966
 5 971
 5 1070
 5 1071
 5 1458
 5 1463
 5 1480
 4
 5 970
 5 1072
 5 1576
 5 1639
 7
 5 974
 5 975
 5 1489
 5 1578
 5 1583
 5 1586
 5 1587
 6
 5 973
 5 1381
 5 1466
 5 1467
 5 1490
 5 1491
 9
 5 978
 5 983
 5 1272
 5 1277
 5 1495
 5 1512
 5 1517
 5 1627
 5 1632
 7
 5 982
 5 1308
 5 1313
 5 1316
 5 1317
 5 1628
 5 1646
 6
 5 986
 5 987
 5 1178
 5 1179
 5 1225
 5 1282
 7
 5 985
 5 1172
 5 1173
 5 1278
 5 1283
 5 1296
 5 1301
 6
 5 991
 5 1342
 5 1346
 5 1347
 5 1630
 5 1647
 8
 5 990
 5 995
 5 1008
 5 1013
 5 1471
 5 1543
 5 1635
 5 1648
 7
 5 998
 5 999
 5 1190
 5 1191
 5 1264
 5 1292
 5 1293
 5
 5 1000
 5 1183
 5 1262
 5 1263
 5 1288
 8
 5 1004
 5 1005
 5 1032
 5 1037
 5 1194
 5 1199
 5 1212
 5 1217
 4
 5 1003
 5 1195
 5 1246
 5 1620
 6
 5 1006
 5 1016
 5 1017
 5 1036
 5 1044
 5 1049
 6
 5 1010
 5 1011
 5 1274
 5 1275
 5 1597
 5 1606
 6
 5 1009
 5 1276
 5 1470
 5 1475
 5 1496
 5 1497
 5
 5 1012
 5 1596
 5 1601
 5 1631
 5 1649
 6
 5 1015
 5 1045
 5 1052
 5 1053
 5 1268
 5 1269
 7
 5 1022
 5 1023
 5 1082
 5 1083
 5 1202
 5 1203
 5 1249
 6
 5 1021
 5 1084
 5 1196
 5 1197
 5 1244
 5 1245
 5
 5 1020
 5 1025
 5 1030
 5 1198
 5 1213
 5
 5 1024
 5 1026
 5 1031
 5 1201
 5 1210
 4
 5 1033
 5 1099
 5 1216
 5 1623
 3
 5 1040
 5 1041
 5 1510
 6
 5 1039
 5 1506
 5 1511
 5 1561
 5 1568
 5 1569
 7
 5 1038
 5 1043
 5 1424
 5 1425
 5 1558
 5 1562
 5 1563
 2
 5 1042
 5 1426
 6
 5 1050
 5 1055
 5 1432
 5 1436
 5 1437
 5 1609
 4
 5 1054
 5 1267
 5 1438
 5 1444
 5
 5 1056
 5 1061
 5 1222
 5 1279
 5 1300
 6
 5 1060
 5 1226
 5 1227
 5 1280
 5 1281
 5 1306
 6
 5 1063
 5 1189
 5 1238
 5 1239
 5 1260
 5 1265
 6
 5 1062
 5 1067
 5 1231
 5 1261
 5 1284
 5 1289
 7
 5 1069
 5 1476
 5 1481
 5 1500
 5 1505
 5 1550
 5 1551
 6
 5 1068
 5 1073
 5 1513
 5 1552
 5 1634
 5 1638
 3
 5 1076
 5 1077
 5 1453
 6
 5 1074
 5 1079
 5 1482
 5 1487
 5 1507
 5 1567
 3
 5 1078
 5 1508
 5 1509
 4
 5 1093
 5 1252
 5 1255
 5 1417
 6
 5 1092
 5 1097
 5 1123
 5 1256
 5 1257
 5 1414
 5
 5 1105
 5 1234
 5 1258
 5 1412
 5 1413
 7
 5 1104
 5 1109
 5 1207
 5 1254
 5 1259
 5 1418
 5 1419
 5
 5 1111
 5 1134
 5 1139
 5 1336
 5 1339
 7
 5 1110
 5 1115
 5 1332
 5 1337
 5 1362
 5 1367
 5 1369
 6
 5 1117
 5 1351
 5 1388
 5 1389
 5 1392
 5 1397
 6
 5 1116
 5 1121
 5 1141
 5 1393
 5 1398
 5 1403
 6
 5 1122
 5 1127
 5 1219
 5 1408
 5 1410
 5 1415
 6
 5 1129
 5 1303
 5 1430
 5 1431
 5 1610
 5 1615
 6
 5 1135
 5 1290
 5 1295
 5 1338
 5 1343
 5 1345
 5
 5 1140
 5 1145
 5 1186
 5 1399
 5 1619
 6
 5 1147
 5 1159
 5 1320
 5 1325
 5 1326
 5 1331
 7
 5 1146
 5 1151
 5 1176
 5 1181
 5 1314
 5 1319
 5 1321
 5
 5 1153
 5 1170
 5 1175
 5 1390
 5 1396
 6
 5 1152
 5 1157
 5 1164
 5 1169
 5 1386
 5 1391
 6
 5 1160
 5 1161
 5 1330
 5 1366
 5 1370
 5 1371
 4
 5 1168
 5 1352
 5 1353
 5 1387
 5
 5 1171
 5 1297
 5 1394
 5 1395
 5 1402
 5
 5 1180
 5 1224
 5 1229
 5 1309
 5 1315
 6
 5 1184
 5 1185
 5 1286
 5 1287
 5 1405
 5 1617
 5
 5 1192
 5 1291
 5 1344
 5 1349
 5 1450
 5
 5 1200
 5 1205
 5 1206
 5 1211
 5 1420
 5
 5 1204
 5 1248
 5 1253
 5 1416
 5 1421
 9
 5 1218
 5 1223
 5 1298
 5 1299
 5 1400
 5 1401
 5 1404
 5 1409
 5 1618
 6
 5 1228
 5 1304
 5 1305
 5 1310
 5 1311
 5 1429
 6
 5 1230
 5 1235
 5 1285
 5 1406
 5 1407
 5 1411
 6
 5 1266
 5 1271
 5 1440
 5 1445
 5 1447
 5 1612
 5
 5 1273
 5 1602
 5 1607
 5 1626
 5 1645
 6
 5 1312
 5 1428
 5 1433
 5 1435
 5 1603
 5 1644
 6
 5 1348
 5 1441
 5 1446
 5 1451
 5 1600
 5 1629
 3
 5 1382
 5 1383
 5 1465
 3
 5 1384
 5 1452
 5 1457
 5
 5 1423
 5 1501
 5 1549
 5 1554
 5 1559
 4
 5 1422
 5 1427
 5 1502
 5 1503
 8
 5 1434
 5 1439
 5 1442
 5 1443
 5 1598
 5 1599
 5 1604
 5 1605
 4
 5 1460
 5 1461
 5 1464
 5 1469
 3
 5 1459
 5 1478
 5 1479
 6
 5 1472
 5 1473
 5 1560
 5 1565
 5 1570
 5 1637
 5
 5 1474
 5 1498
 5 1556
 5 1557
 5 1564
 2
 5 1477
 5 1504
 7
 5 1483
 5 1542
 5 1547
 5 1566
 5 1571
 5 1636
 5 1641
 6
 5 1494
 5 1499
 5 1548
 5 1553
 5 1555
 5 1633
 6
 5 1514
 5 1515
 5 1522
 5 1574
 5 1575
 5 1640
 6
 5 1518
 5 1523
 5 1528
 5 1573
 5 1580
 5 1581
 6
 5 1524
 5 1529
 5 1532
 5 1533
 5 1579
 5 1585
 6
 5 1534
 5 1540
 5 1584
 5 1589
 5 1592
 5 1593
 5
 5 1536
 5 1541
 5 1546
 5 1591
 5 1642
 4
 1 936
 1 943
 1 1881
 1 1885
 2
 3 283
 3 547
 2
 3 546
 3 551
 1
 3 550
 4
 3 281
 3 282
 3 548
 3 549
 1.000000 0.000000 0.000000 0.000000 0.000000 1.000000 0.000000 0.000000 0.000000 0.000000 1.000000 0.000000 0.000000 0.000000 0.000000 1.000000
 1.000000 1.000000 1.000000
 1