m_vlist.size 96
vertex
  pos -10.027084 -10.182176 0.000000
  texCoord 0.000000 1.000000
  norm 0.000000 0.000000 1.000000
  color 1.000000 1.000000 1.000000 1.000000
vertex
  pos -5.013542 -10.182176 0.000000
  texCoord 0.250000 1.000000
  norm 0.000000 0.000000 1.000000
  color 1.000000 1.000000 1.000000 1.000000
vertex
  pos -5.013542 -5.091088 0.000000
  texCoord 0.250000 0.750000
  norm 0.000000 0.000000 1.000000
  color 1.000000 1.000000 1.000000 1.000000
vertex
  pos -5.013542 -5.091088 0.000000
  texCoord 0.250000 0.750000
  norm 0.000000 0.000000 1.000000
  color 1.000000 1.000000 1.000000 1.000000
vertex
  pos -10.027084 -5.091088 0.000000
  texCoord 0.000000 0.750000
  norm 0.000000 0.000000 1.000000
  color 1.000000 1.000000 1.000000 1.000000
vertex
  pos -10.027084 -10.182176 0.000000
  texCoord 0.000000 1.000000
  norm 0.000000 0.000000 1.000000
  color 1.000000 1.000000 1.000000 1.000000
vertex
  pos -5.013542 -10.182176 0.000000
  texCoord 0.250000 1.000000
  norm 0.000000 0.000000 1.000000
  color 1.000000 1.000000 1.000000 1.000000
vertex
  pos 0.000000 -10.182176 0.000000
  texCoord 0.500000 1.000000
  norm 0.000000 0.000000 1.000000
  color 1.000000 1.000000 1.000000 1.000000
vertex
  pos 0.000000 -5.091088 0.000000
  texCoord 0.500000 0.750000
  norm 0.000000 0.000000 1.000000
  color 1.000000 1.000000 1.000000 1.000000
vertex
  pos 0.000000 -5.091088 0.000000
  texCoord 0.500000 0.750000
  norm 0.000000 0.000000 1.000000
  color 1.000000 1.000000 1.000000 1.000000
vertex
  pos -5.013542 -5.091088 0.000000
  texCoord 0.250000 0.750000
  norm 0.000000 0.000000 1.000000
  color 1.000000 1.000000 1.000000 1.000000
vertex
  pos -5.013542 -10.182176 0.000000
  texCoord 0.250000 1.000000
  norm 0.000000 0.000000 1.000000
  color 1.000000 1.000000 1.000000 1.000000
vertex
  pos 0.000000 -10.182176 0.000000
  texCoord 0.500000 1.000000
  norm 0.000000 0.000000 1.000000
  color 1.000000 1.000000 1.000000 1.000000
vertex
  pos 5.013542 -10.182176 0.000000
  texCoord 0.750000 1.000000
  norm 0.000000 0.000000 1.000000
  color 1.000000 1.000000 1.000000 1.000000
vertex
  pos 5.013542 -5.091088 0.000000
  texCoord 0.750000 0.750000
  norm 0.000000 0.000000 1.000000
  color 1.000000 1.000000 1.000000 1.000000
vertex
  pos 5.013542 -5.091088 0.000000
  texCoord 0.750000 0.750000
  norm 0.000000 0.000000 1.000000
  color 1.000000 1.000000 1.000000 1.000000
vertex
  pos 0.000000 -5.091088 0.000000
  texCoord 0.500000 0.750000
  norm 0.000000 0.000000 1.000000
  color 1.000000 1.000000 1.000000 1.000000
vertex
  pos 0.000000 -10.182176 0.000000
  texCoord 0.500000 1.000000
  norm 0.000000 0.000000 1.000000
  color 1.000000 1.000000 1.000000 1.000000
vertex
  pos 5.013542 -10.182176 0.000000
  texCoord 0.750000 1.000000
  norm 0.000000 0.000000 1.000000
  color 1.000000 1.000000 1.000000 1.000000
vertex
  pos 10.027084 -10.182176 0.000000
  texCoord 1.000000 1.000000
  norm 0.000000 0.000000 1.000000
  color 1.000000 1.000000 1.000000 1.000000
vertex
  pos 10.027084 -5.091088 0.000000
  texCoord 1.000000 0.750000
  norm 0.000000 0.000000 1.000000
  color 1.000000 1.000000 1.000000 1.000000
vertex
  pos 10.027084 -5.091088 0.000000
  texCoord 1.000000 0.750000
  norm 0.000000 0.000000 1.000000
  color 1.000000 1.000000 1.000000 1.000000
vertex
  pos 5.013542 -5.091088 0.000000
  texCoord 0.750000 0.750000
  norm 0.000000 0.000000 1.000000
  color 1.000000 1.000000 1.000000 1.000000
vertex
  pos 5.013542 -10.182176 0.000000
  texCoord 0.750000 1.000000
  norm 0.000000 0.000000 1.000000
  color 1.000000 1.000000 1.000000 1.000000
vertex
  pos -10.027084 -5.091088 0.000000
  texCoord 0.000000 0.750000
  norm 0.000000 0.000000 1.000000
  color 1.000000 1.000000 1.000000 1.000000
vertex
  pos -5.013542 -5.091088 0.000000
  texCoord 0.250000 0.750000
  norm 0.000000 0.000000 1.000000
  color 1.000000 1.000000 1.000000 1.000000
vertex
  pos -5.013542 0.000000 0.000000
  texCoord 0.250000 0.500000
  norm 0.000000 0.000000 1.000000
  color 1.000000 1.000000 1.000000 1.000000
vertex
  pos -5.013542 0.000000 0.000000
  texCoord 0.250000 0.500000
  norm 0.000000 0.000000 1.000000
  color 1.000000 1.000000 1.000000 1.000000
vertex
  pos -10.027084 0.000000 0.000000
  texCoord 0.000000 0.500000
  norm 0.000000 0.000000 1.000000
  color 1.000000 1.000000 1.000000 1.000000
vertex
  pos -10.027084 -5.091088 0.000000
  texCoord 0.000000 0.750000
  norm 0.000000 0.000000 1.000000
  color 1.000000 1.000000 1.000000 1.000000
vertex
  pos -5.013542 -5.091088 0.000000
  texCoord 0.250000 0.750000
  norm 0.000000 0.000000 1.000000
  color 1.000000 1.000000 1.000000 1.000000
vertex
  pos 0.000000 -5.091088 0.000000
  texCoord 0.500000 0.750000
  norm 0.000000 0.000000 1.000000
  color 1.000000 1.000000 1.000000 1.000000
vertex
  pos 0.000000 0.000000 0.000000
  texCoord 0.500000 0.500000
  norm 0.000000 0.000000 1.000000
  color 1.000000 1.000000 1.000000 1.000000
vertex
  pos 0.000000 0.000000 0.000000
  texCoord 0.500000 0.500000
  norm 0.000000 0.000000 1.000000
  color 1.000000 1.000000 1.000000 1.000000
vertex
  pos -5.013542 0.000000 0.000000
  texCoord 0.250000 0.500000
  norm 0.000000 0.000000 1.000000
  color 1.000000 1.000000 1.000000 1.000000
vertex
  pos -5.013542 -5.091088 0.000000
  texCoord 0.250000 0.750000
  norm 0.000000 0.000000 1.000000
  color 1.000000 1.000000 1.000000 1.000000
vertex
  pos 0.000000 -5.091088 0.000000
  texCoord 0.500000 0.750000
  norm 0.000000 0.000000 1.000000
  color 1.000000 1.000000 1.000000 1.000000
vertex
  pos 5.013542 -5.091088 0.000000
  texCoord 0.750000 0.750000
  norm 0.000000 0.000000 1.000000
  color 1.000000 1.000000 1.000000 1.000000
vertex
  pos 5.013542 0.000000 0.000000
  texCoord 0.750000 0.500000
  norm 0.000000 0.000000 1.000000
  color 1.000000 1.000000 1.000000 1.000000
vertex
  pos 5.013542 0.000000 0.000000
  texCoord 0.750000 0.500000
  norm 0.000000 0.000000 1.000000
  color 1.000000 1.000000 1.000000 1.000000
vertex
  pos 0.000000 0.000000 0.000000
  texCoord 0.500000 0.500000
  norm 0.000000 0.000000 1.000000
  color 1.000000 1.000000 1.000000 1.000000
vertex
  pos 0.000000 -5.091088 0.000000
  texCoord 0.500000 0.750000
  norm 0.000000 0.000000 1.000000
  color 1.000000 1.000000 1.000000 1.000000
vertex
  pos 5.013542 -5.091088 0.000000
  texCoord 0.750000 0.750000
  norm 0.000000 0.000000 1.000000
  color 1.000000 1.000000 1.000000 1.000000
vertex
  pos 10.027084 -5.091088 0.000000
  texCoord 1.000000 0.750000
  norm 0.000000 0.000000 1.000000
  color 1.000000 1.000000 1.000000 1.000000
vertex
  pos 10.027084 0.000000 0.000000
  texCoord 1.000000 0.500000
  norm 0.000000 0.000000 1.000000
  color 1.000000 1.000000 1.000000 1.000000
vertex
  pos 10.027084 0.000000 0.000000
  texCoord 1.000000 0.500000
  norm 0.000000 0.000000 1.000000
  color 1.000000 1.000000 1.000000 1.000000
vertex
  pos 5.013542 0.000000 0.000000
  texCoord 0.750000 0.500000
  norm 0.000000 0.000000 1.000000
  color 1.000000 1.000000 1.000000 1.000000
vertex
  pos 5.013542 -5.091088 0.000000
  texCoord 0.750000 0.750000
  norm 0.000000 0.000000 1.000000
  color 1.000000 1.000000 1.000000 1.000000
vertex
  pos -10.027084 0.000000 0.000000
  texCoord 0.000000 0.500000
  norm 0.000000 0.000000 1.000000
  color 1.000000 1.000000 1.000000 1.000000
vertex
  pos -5.013542 0.000000 0.000000
  texCoord 0.250000 0.500000
  norm 0.000000 0.000000 1.000000
  color 1.000000 1.000000 1.000000 1.000000
vertex
  pos -5.013542 5.091088 0.000000
  texCoord 0.250000 0.250000
  norm 0.000000 0.000000 1.000000
  color 1.000000 1.000000 1.000000 1.000000
vertex
  pos -5.013542 5.091088 0.000000
  texCoord 0.250000 0.250000
  norm 0.000000 0.000000 1.000000
  color 1.000000 1.000000 1.000000 1.000000
vertex
  pos -10.027084 5.091088 0.000000
  texCoord 0.000000 0.250000
  norm 0.000000 0.000000 1.000000
  color 1.000000 1.000000 1.000000 1.000000
vertex
  pos -10.027084 0.000000 0.000000
  texCoord 0.000000 0.500000
  norm 0.000000 0.000000 1.000000
  color 1.000000 1.000000 1.000000 1.000000
vertex
  pos -5.013542 0.000000 0.000000
  texCoord 0.250000 0.500000
  norm 0.000000 0.000000 1.000000
  color 1.000000 1.000000 1.000000 1.000000
vertex
  pos 0.000000 0.000000 0.000000
  texCoord 0.500000 0.500000
  norm 0.000000 0.000000 1.000000
  color 1.000000 1.000000 1.000000 1.000000
vertex
  pos 0.000000 5.091088 0.000000
  texCoord 0.500000 0.250000
  norm 0.000000 0.000000 1.000000
  color 1.000000 1.000000 1.000000 1.000000
vertex
  pos 0.000000 5.091088 0.000000
  texCoord 0.500000 0.250000
  norm 0.000000 0.000000 1.000000
  color 1.000000 1.000000 1.000000 1.000000
vertex
  pos -5.013542 5.091088 0.000000
  texCoord 0.250000 0.250000
  norm 0.000000 0.000000 1.000000
  color 1.000000 1.000000 1.000000 1.000000
vertex
  pos -5.013542 0.000000 0.000000
  texCoord 0.250000 0.500000
  norm 0.000000 0.000000 1.000000
  color 1.000000 1.000000 1.000000 1.000000
vertex
  pos 0.000000 0.000000 0.000000
  texCoord 0.500000 0.500000
  norm 0.000000 0.000000 1.000000
  color 1.000000 1.000000 1.000000 1.000000
vertex
  pos 5.013542 0.000000 0.000000
  texCoord 0.750000 0.500000
  norm 0.000000 0.000000 1.000000
  color 1.000000 1.000000 1.000000 1.000000
vertex
  pos 5.013542 5.091088 0.000000
  texCoord 0.750000 0.250000
  norm 0.000000 0.000000 1.000000
  color 1.000000 1.000000 1.000000 1.000000
vertex
  pos 5.013542 5.091088 0.000000
  texCoord 0.750000 0.250000
  norm 0.000000 0.000000 1.000000
  color 1.000000 1.000000 1.000000 1.000000
vertex
  pos 0.000000 5.091088 0.000000
  texCoord 0.500000 0.250000
  norm 0.000000 0.000000 1.000000
  color 1.000000 1.000000 1.000000 1.000000
vertex
  pos 0.000000 0.000000 0.000000
  texCoord 0.500000 0.500000
  norm 0.000000 0.000000 1.000000
  color 1.000000 1.000000 1.000000 1.000000
vertex
  pos 5.013542 0.000000 0.000000
  texCoord 0.750000 0.500000
  norm 0.000000 0.000000 1.000000
  color 1.000000 1.000000 1.000000 1.000000
vertex
  pos 10.027084 0.000000 0.000000
  texCoord 1.000000 0.500000
  norm 0.000000 0.000000 1.000000
  color 1.000000 1.000000 1.000000 1.000000
vertex
  pos 10.027084 5.091088 0.000000
  texCoord 1.000000 0.250000
  norm 0.000000 0.000000 1.000000
  color 1.000000 1.000000 1.000000 1.000000
vertex
  pos 10.027084 5.091088 0.000000
  texCoord 1.000000 0.250000
  norm 0.000000 0.000000 1.000000
  color 1.000000 1.000000 1.000000 1.000000
vertex
  pos 5.013542 5.091088 0.000000
  texCoord 0.750000 0.250000
  norm 0.000000 0.000000 1.000000
  color 1.000000 1.000000 1.000000 1.000000
vertex
  pos 5.013542 0.000000 0.000000
  texCoord 0.750000 0.500000
  norm 0.000000 0.000000 1.000000
  color 1.000000 1.000000 1.000000 1.000000
vertex
  pos -10.027084 5.091088 0.000000
  texCoord 0.000000 0.250000
  norm 0.000000 0.000000 1.000000
  color 1.000000 1.000000 1.000000 1.000000
vertex
  pos -5.013542 5.091088 0.000000
  texCoord 0.250000 0.250000
  norm 0.000000 0.000000 1.000000
  color 1.000000 1.000000 1.000000 1.000000
vertex
  pos -5.013542 10.182176 0.000000
  texCoord 0.250000 0.000000
  norm 0.000000 0.000000 1.000000
  color 1.000000 1.000000 1.000000 1.000000
vertex
  pos -5.013542 10.182176 0.000000
  texCoord 0.250000 0.000000
  norm 0.000000 0.000000 1.000000
  color 1.000000 1.000000 1.000000 1.000000
vertex
  pos -10.027084 10.182176 0.000000
  texCoord 0.000000 0.000000
  norm 0.000000 0.000000 1.000000
  color 1.000000 1.000000 1.000000 1.000000
vertex
  pos -10.027084 5.091088 0.000000
  texCoord 0.000000 0.250000
  norm 0.000000 0.000000 1.000000
  color 1.000000 1.000000 1.000000 1.000000
vertex
  pos -5.013542 5.091088 0.000000
  texCoord 0.250000 0.250000
  norm 0.000000 0.000000 1.000000
  color 1.000000 1.000000 1.000000 1.000000
vertex
  pos 0.000000 5.091088 0.000000
  texCoord 0.500000 0.250000
  norm 0.000000 0.000000 1.000000
  color 1.000000 1.000000 1.000000 1.000000
vertex
  pos 0.000000 10.182176 0.000000
  texCoord 0.500000 0.000000
  norm 0.000000 0.000000 1.000000
  color 1.000000 1.000000 1.000000 1.000000
vertex
  pos 0.000000 10.182176 0.000000
  texCoord 0.500000 0.000000
  norm 0.000000 0.000000 1.000000
  color 1.000000 1.000000 1.000000 1.000000
vertex
  pos -5.013542 10.182176 0.000000
  texCoord 0.250000 0.000000
  norm 0.000000 0.000000 1.000000
  color 1.000000 1.000000 1.000000 1.000000
vertex
  pos -5.013542 5.091088 0.000000
  texCoord 0.250000 0.250000
  norm 0.000000 0.000000 1.000000
  color 1.000000 1.000000 1.000000 1.000000
vertex
  pos 0.000000 5.091088 0.000000
  texCoord 0.500000 0.250000
  norm 0.000000 0.000000 1.000000
  color 1.000000 1.000000 1.000000 1.000000
vertex
  pos 5.013542 5.091088 0.000000
  texCoord 0.750000 0.250000
  norm 0.000000 0.000000 1.000000
  color 1.000000 1.000000 1.000000 1.000000
vertex
  pos 5.013542 10.182176 0.000000
  texCoord 0.750000 0.000000
  norm 0.000000 0.000000 1.000000
  color 1.000000 1.000000 1.000000 1.000000
vertex
  pos 5.013542 10.182176 0.000000
  texCoord 0.750000 0.000000
  norm 0.000000 0.000000 1.000000
  color 1.000000 1.000000 1.000000 1.000000
vertex
  pos 0.000000 10.182176 0.000000
  texCoord 0.500000 0.000000
  norm 0.000000 0.000000 1.000000
  color 1.000000 1.000000 1.000000 1.000000
vertex
  pos 0.000000 5.091088 0.000000
  texCoord 0.500000 0.250000
  norm 0.000000 0.000000 1.000000
  color 1.000000 1.000000 1.000000 1.000000
vertex
  pos 5.013542 5.091088 0.000000
  texCoord 0.750000 0.250000
  norm 0.000000 0.000000 1.000000
  color 1.000000 1.000000 1.000000 1.000000
vertex
  pos 10.027084 5.091088 0.000000
  texCoord 1.000000 0.250000
  norm 0.000000 0.000000 1.000000
  color 1.000000 1.000000 1.000000 1.000000
vertex
  pos 10.027084 10.182176 0.000000
  texCoord 1.000000 0.000000
  norm 0.000000 0.000000 1.000000
  color 1.000000 1.000000 1.000000 1.000000
vertex
  pos 10.027084 10.182176 0.000000
  texCoord 1.000000 0.000000
  norm 0.000000 0.000000 1.000000
  color 1.000000 1.000000 1.000000 1.000000
vertex
  pos 5.013542 10.182176 0.000000
  texCoord 0.750000 0.000000
  norm 0.000000 0.000000 1.000000
  color 1.000000 1.000000 1.000000 1.000000
vertex
  pos 5.013542 5.091088 0.000000
  texCoord 0.750000 0.250000
  norm 0.000000 0.000000 1.000000
  color 1.000000 1.000000 1.000000 1.000000
m_IDtriList.size 32
IDtri 0 1 2
IDtri 3 4 5
IDtri 6 7 8
IDtri 9 10 11
IDtri 12 13 14
IDtri 15 16 17
IDtri 18 19 20
IDtri 21 22 23
IDtri 24 25 26
IDtri 27 28 29
IDtri 30 31 32
IDtri 33 34 35
IDtri 36 37 38
IDtri 39 40 41
IDtri 42 43 44
IDtri 45 46 47
IDtri 48 49 50
IDtri 51 52 53
IDtri 54 55 56
IDtri 57 58 59
IDtri 60 61 62
IDtri 63 64 65
IDtri 66 67 68
IDtri 69 70 71
IDtri 72 73 74
IDtri 75 76 77
IDtri 78 79 80
IDtri 81 82 83
IDtri 84 85 86
IDtri 87 88 89
IDtri 90 91 92
IDtri 93 94 95
